MIN=0	-3	-1000	0	
MAX=160	3	1000	5	
SCALE=50	1	500	1	
DEC=1	3	0	3	
DEF="Zeit" t / s	"Strom" I_A1 / A	"Magn. Flussdichte" B_B1 / mT	"Frequenz" f / Hz	
0	0,0015	15	NAN	
0,1	0,0015	15	NAN	
0,201	0	15,5	NAN	
0,301	0	15	NAN	
0,401	0	15,5	NAN	
0,501	-0,0015	15,5	NAN	
0,601	0	15	NAN	
0,701	0,0015	15,5	NAN	
0,801	0	15,5	NAN	
0,901	0	15,5	NAN	
1,001	0	15,5	NAN	
1,101	0	15,5	NAN	
1,201	0,0015	15,5	NAN	
1,301	0	15	NAN	
1,401	0	15,5	NAN	
1,501	0	15,5	NAN	
1,601	-0,0015	15	NAN	
1,701	0	15,5	NAN	
1,801	0	15	NAN	
1,901	-0,0015	15	NAN	
2,001	0	15,5	NAN	
2,101	0	15	NAN	
2,201	0	15	NAN	
2,301	0	15	NAN	
2,401	0	15	NAN	
2,501	-0,0015	15	NAN	
2,601	0	15	NAN	
2,701	0,0015	15	NAN	
2,801	0	15,5	NAN	
2,901	0	15	NAN	
3,001	-0,0015	15	NAN	
3,101	0	15,5	NAN	
3,201	0	15	NAN	
3,301	0	15	NAN	
3,401	0,003	15,5	NAN	
3,501	0,081	29,5	NAN	
3,601	0,1395	47	NAN	
3,701	0,18	63,5	NAN	
3,801	0,195	72,5	NAN	
3,901	0,2175	81	NAN	
4,001	0,252	94	NAN	
4,101	0,2715	104,5	NAN	
4,201	0,2805	110	NAN	
4,301	0,2955	115	NAN	
4,401	0,348	134,5	NAN	
4,501	0,378	151	NAN	
4,601	0,384	157	NAN	
4,701	0,39	161	NAN	
4,801	0,3945	163,5	NAN	
4,901	0,402	166,5	NAN	
5,001	0,402	168	NAN	
5,101	0,405	169	NAN	
5,201	0,405	169,5	NAN	
5,301	0,435	180,5	NAN	
5,401	0,435	183	NAN	
5,501	0,435	183,5	NAN	
5,601	0,4455	185,5	NAN	
5,701	0,4905	200,5	NAN	
5,801	0,555	227	NAN	
5,901	0,5775	240	NAN	
6,001	0,606	252	NAN	
6,101	0,651	270,5	NAN	
6,201	0,678	284,5	NAN	
6,301	0,6915	292,5	NAN	
6,401	0,7035	297	NAN	
6,501	0,7155	302,5	NAN	
6,601	0,729	308	NAN	
6,701	0,75	316	NAN	
6,801	0,78	328,5	NAN	
6,901	0,786	333	NAN	
7,001	0,8115	341,5	NAN	
7,101	0,819	345,5	NAN	
7,201	0,8325	349,5	NAN	
7,301	0,8355	352,5	NAN	
7,401	0,852	357,5	NAN	
7,501	0,864	363	NAN	
7,601	0,87	365,5	NAN	
7,701	0,876	368	NAN	
7,801	0,8895	372,5	NAN	
7,901	0,8985	376	NAN	
8,001	0,909	379,5	NAN	
8,101	0,9195	383,5	NAN	
8,201	0,9225	386	NAN	
8,301	0,9315	390	NAN	
8,401	0,945	394	NAN	
8,501	0,9645	400	NAN	
8,601	0,9645	402,5	NAN	
8,701	0,9675	403,5	NAN	
8,801	0,975	405	NAN	
8,901	0,993	411	NAN	
9,001	1,0035	415	NAN	
9,101	1,011	418,5	NAN	
9,201	1,038	426,5	NAN	
9,301	1,059	434	NAN	
9,401	1,0665	438,5	NAN	
9,501	1,0695	440,5	NAN	
9,601	1,077	442,5	NAN	
9,701	1,095	448	NAN	
9,801	1,1025	452	NAN	
9,901	1,113	455	NAN	
10,001	1,1235	459	NAN	
10,101	1,1355	462	NAN	
10,201	1,149	467	NAN	
10,301	1,167	473	NAN	
10,401	1,1775	477	NAN	
10,501	1,182	479	NAN	
10,601	1,176	479	NAN	
10,701	1,1505	476	NAN	
10,801	1,167	478	NAN	
10,901	1,197	483	NAN	
11,001	1,1985	485,5	NAN	
11,101	1,1985	486,5	NAN	
11,201	1,212	488,5	NAN	
11,301	1,2375	495	NAN	
11,401	1,248	500,5	NAN	
11,501	1,2495	502	NAN	
11,601	1,2555	504	NAN	
11,701	1,2555	505,5	NAN	
11,801	1,275	509,5	NAN	
11,901	1,2855	513	NAN	
12,001	1,287	515	NAN	
12,101	1,29	515,5	NAN	
12,201	1,2885	516	NAN	
12,301	1,2975	518,5	NAN	
12,401	1,308	521	NAN	
12,501	1,314	523	NAN	
12,601	1,326	526	NAN	
12,701	1,347	531,5	NAN	
12,801	1,356	536,5	NAN	
12,901	1,3725	541,5	NAN	
13,001	1,3845	545	NAN	
13,101	1,3995	550	NAN	
13,201	1,4205	556	NAN	
13,301	1,4265	559	NAN	
13,401	1,4415	562,5	NAN	
13,501	1,4445	565,5	NAN	
13,601	1,4475	567	NAN	
13,701	1,4535	568	NAN	
13,801	1,4625	570,5	NAN	
13,901	1,482	575,5	NAN	
14,001	1,4925	579	NAN	
14,101	1,503	582	NAN	
14,201	1,5135	586	NAN	
14,301	1,5195	588,5	NAN	
14,401	1,5345	592,5	NAN	
14,501	1,5435	595	NAN	
14,6	1,548	597	NAN	
14,7	1,554	599,5	NAN	
14,8	1,5825	605,5	NAN	
14,9	1,5885	608,5	NAN	
15	1,59	610,5	NAN	
15,1	1,6035	613,5	NAN	
15,2	1,6215	618,5	NAN	
15,3	1,6275	621	NAN	
15,4	1,638	624,5	NAN	
15,5	1,6515	628,5	NAN	
15,6	1,6635	632	NAN	
15,7	1,668	633,5	NAN	
15,8	1,677	636,5	NAN	
15,9	1,6815	639	NAN	
16	1,6905	641	NAN	
16,1	1,7025	644,5	NAN	
16,2	1,7265	649	NAN	
16,3	1,7385	653,5	NAN	
16,4	1,74	655,5	NAN	
16,5	1,7445	657,5	NAN	
16,6	1,752	659	NAN	
16,7	1,764	662	NAN	
16,8	1,7715	664,5	NAN	
16,9	1,782	667	NAN	
17	1,7895	670	NAN	
17,1	1,791	671,5	NAN	
17,2	1,7925	672	NAN	
17,3	1,7925	672,5	NAN	
17,4	1,7925	672,5	NAN	
17,5	1,794	672,5	NAN	
17,6	1,7925	672,5	NAN	
17,7	1,8075	675	NAN	
17,8	1,8165	678,5	NAN	
17,9	1,83	681,5	NAN	
18	1,839	684,5	NAN	
18,1	1,851	687,5	NAN	
18,2	1,8495	688,5	NAN	
18,3	1,8525	689	NAN	
18,4	1,8615	691	NAN	
18,5	1,8705	693,5	NAN	
18,6	1,8795	695,5	NAN	
18,7	1,8915	698	NAN	
18,8	1,914	704	NAN	
18,9	1,9215	707	NAN	
19	1,926	709	NAN	
19,1	1,9275	710	NAN	
19,2	1,935	711,5	NAN	
19,3	1,944	714	NAN	
19,4	1,947	715,5	NAN	
19,5	1,9635	719	NAN	
19,6	1,9845	724	NAN	
19,7	1,992	726	NAN	
19,8	1,9905	727,5	NAN	
19,9	2,001	729,5	NAN	
20	2,022	733,5	NAN	
20,1	2,0265	736,5	NAN	
20,2	2,031	738	NAN	
20,3	2,0325	739	NAN	
20,4	2,043	740,5	NAN	
20,5	2,058	744,5	NAN	
20,6	2,0625	747	NAN	
20,7	2,064	747,5	NAN	
20,8	2,073	749	NAN	
20,9	2,0775	751	NAN	
21	2,0895	753	NAN	
21,1	2,1	756,5	NAN	
21,2	2,103	757	NAN	
21,3	2,1135	759,5	NAN	
21,4	2,1195	761	NAN	
21,5	2,142	765,5	NAN	
21,6	2,1735	773,5	NAN	
21,7	2,172	775,5	NAN	
21,8	2,175	776	NAN	
21,9	2,178	776,5	NAN	
22	2,1945	779,5	NAN	
22,1	2,2005	782	NAN	
22,2	2,2125	784,5	NAN	
22,3	2,229	788	NAN	
22,4	2,2425	791,5	NAN	
22,5	2,265	796,5	NAN	
22,6	2,289	802	NAN	
22,7	2,2905	804,5	NAN	
22,8	2,2965	805,5	NAN	
22,9	2,313	808,5	NAN	
23	2,3205	811	NAN	
23,1	2,328	813	NAN	
23,2	2,334	814,5	NAN	
23,3	2,3415	816	NAN	
23,4	2,349	818	NAN	
23,5	2,355	819,5	NAN	
23,6	2,37	822	NAN	
23,7	2,376	824	NAN	
23,8	2,3835	826	NAN	
23,9	2,3955	828	NAN	
24	2,397	829,5	NAN	
24,1	2,406	831	NAN	
24,2	2,409	832,5	NAN	
24,3	2,4195	834	NAN	
24,4	2,4465	839	NAN	
24,5	2,445	840	NAN	
24,6	2,445	841	NAN	
24,7	2,451	841	NAN	
24,8	2,4675	844	NAN	
24,9	2,4765	846,5	NAN	
25	2,499	850	NAN	
25,1	2,514	854,5	NAN	
25,2	2,538	859	NAN	
25,3	2,5545	862,5	NAN	
25,4	2,571	865,5	NAN	
25,5	2,595	870	NAN	
25,6	2,6055	873	NAN	
25,7	2,6115	875	NAN	
25,8	2,619	877	NAN	
25,9	2,6325	878,5	NAN	
26	2,6445	881	NAN	
26,1	2,658	883,5	NAN	
26,2	2,682	887,5	NAN	
26,3	2,7075	892,5	NAN	
26,4	2,7195	896	NAN	
26,5	2,724	897	NAN	
26,6	2,742	900	NAN	
26,7	2,7615	903	NAN	
26,8	2,769	905,5	NAN	
26,9	2,7825	907,5	NAN	
27	2,799	910	NAN	
27,1	2,82	914	NAN	
27,2	2,832	916	NAN	
27,3	2,8395	918	NAN	
27,4	2,856	920,5	NAN	
27,5	2,868	923	NAN	
27,6	2,8755	924	NAN	
27,7	2,895	927	NAN	
27,8	2,9115	929,5	NAN	
27,9	2,922	932	NAN	
28	2,9295	933	NAN	
28,1	2,94	935	NAN	
28,2	2,9625	938	NAN	
28,3	2,9775	940,5	NAN	
28,4	2,982	942	NAN	
28,5	2,982	942	NAN	
28,6	2,9805	942,5	NAN	
28,7	2,9775	942	NAN	
28,8	2,9445	940	NAN	
28,9	2,9235	938,5	NAN	
29	2,889	935	NAN	
29,1	2,8695	933,5	NAN	
29,2	2,856	932	NAN	
29,3	2,838	930	NAN	
29,4	2,8305	929	NAN	
29,5	2,8305	929,5	NAN	
29,6	2,8215	929	NAN	
29,7	2,817	928	NAN	
29,8	2,814	928	NAN	
29,9	2,8065	927	NAN	
30	2,796	925,5	NAN	
30,1	2,784	924,5	NAN	
30,2	2,772	923	NAN	
30,3	2,76	922	NAN	
30,4	2,7585	921,5	NAN	
30,5	2,754	921,5	NAN	
30,6	2,7315	919	NAN	
30,7	2,712	917	NAN	
30,8	2,7	915,5	NAN	
30,9	2,673	912	NAN	
31	2,6685	911	NAN	
31,1	2,658	910	NAN	
31,2	2,6295	907	NAN	
31,3	2,601	903,5	NAN	
31,4	2,595	901,5	NAN	
31,5	2,5935	901,5	NAN	
31,6	2,592	901	NAN	
31,7	2,592	901	NAN	
31,8	2,5875	900,5	NAN	
31,9	2,5695	898,5	NAN	
32	2,547	896	NAN	
32,1	2,526	892,5	NAN	
32,2	2,52	891	NAN	
32,3	2,517	890,5	NAN	
32,4	2,511	889,5	NAN	
32,5	2,505	889	NAN	
32,6	2,502	888,5	NAN	
32,7	2,4975	887,5	NAN	
32,8	2,4915	887	NAN	
32,9	2,4765	885	NAN	
33	2,475	884	NAN	
33,1	2,469	883	NAN	
33,2	2,4495	880,5	NAN	
33,3	2,433	878	NAN	
33,4	2,421	876	NAN	
33,5	2,415	874,5	NAN	
33,6	2,412	873,5	NAN	
33,7	2,4075	873	NAN	
33,8	2,3985	872	NAN	
33,9	2,3955	871	NAN	
34	2,391	870,5	NAN	
34,1	2,379	868,5	NAN	
34,2	2,37	867	NAN	
34,3	2,367	866	NAN	
34,4	2,358	865	NAN	
34,5	2,349	863,5	NAN	
34,6	2,3355	861	NAN	
34,7	2,3235	859	NAN	
34,8	2,3115	857	NAN	
34,9	2,3025	855	NAN	
35	2,298	853,5	NAN	
35,1	2,2845	851,5	NAN	
35,2	2,283	851	NAN	
35,3	2,28	850	NAN	
35,4	2,265	848,5	NAN	
35,5	2,256	846	NAN	
35,6	2,25	844,5	NAN	
35,7	2,238	843	NAN	
35,8	2,2305	840,5	NAN	
35,9	2,226	840	NAN	
36	2,2215	838,5	NAN	
36,1	2,214	837,5	NAN	
36,2	2,2035	835,5	NAN	
36,3	2,202	835	NAN	
36,4	2,202	835	NAN	
36,5	2,2005	834	NAN	
36,6	2,196	833,5	NAN	
36,7	2,1945	833	NAN	
36,8	2,1915	832	NAN	
36,9	2,175	830,5	NAN	
37	2,169	828	NAN	
37,1	2,16	826,5	NAN	
37,2	2,157	825,5	NAN	
37,3	2,1345	822	NAN	
37,4	2,1165	818,5	NAN	
37,5	2,1105	816,5	NAN	
37,6	2,1015	814	NAN	
37,7	2,0865	811,5	NAN	
37,8	2,082	809,5	NAN	
37,9	2,076	808,5	NAN	
38	2,0625	806	NAN	
38,1	2,052	803,5	NAN	
38,2	2,043	801	NAN	
38,3	2,0295	798	NAN	
38,4	2,025	796,5	NAN	
38,5	2,019	795	NAN	
38,6	2,0055	792	NAN	
38,7	2,004	791	NAN	
38,8	1,9935	789,5	NAN	
38,9	1,974	785,5	NAN	
39	1,95	780,5	NAN	
39,1	1,926	775	NAN	
39,2	1,914	771,5	NAN	
39,3	1,908	769	NAN	
39,4	1,9035	767	NAN	
39,5	1,893	765,5	NAN	
39,6	1,881	762,5	NAN	
39,7	1,869	759	NAN	
39,8	1,848	755,5	NAN	
39,9	1,8435	752,5	NAN	
40	1,8345	750,5	NAN	
40,1	1,8225	747,5	NAN	
40,2	1,8165	745,5	NAN	
40,3	1,809	743,5	NAN	
40,4	1,8015	741	NAN	
40,5	1,788	738	NAN	
40,6	1,7865	736,5	NAN	
40,7	1,779	735	NAN	
40,8	1,773	733	NAN	
40,9	1,755	729,5	NAN	
41	1,7475	727	NAN	
41,1	1,746	726	NAN	
41,2	1,7415	725	NAN	
41,3	1,74	724	NAN	
41,4	1,7295	722	NAN	
41,5	1,713	719	NAN	
41,6	1,7085	716	NAN	
41,7	1,701	714,5	NAN	
41,8	1,6935	712	NAN	
41,9	1,674	708	NAN	
42	1,659	703,5	NAN	
42,1	1,6515	701	NAN	
42,2	1,644	699	NAN	
42,3	1,638	696,5	NAN	
42,4	1,6305	695	NAN	
42,5	1,623	693	NAN	
42,6	1,62	691,5	NAN	
42,7	1,6185	690,5	NAN	
42,8	1,6035	688	NAN	
42,9	1,587	684	NAN	
43	1,5825	681,5	NAN	
43,1	1,5825	680	NAN	
43,2	1,5735	678,5	NAN	
43,3	1,566	676,5	NAN	
43,4	1,548	672	NAN	
43,5	1,536	669	NAN	
43,6	1,518	664,5	NAN	
43,7	1,5135	661,5	NAN	
43,8	1,5	658	NAN	
43,9	1,4865	654,5	NAN	
44	1,479	651	NAN	
44,1	1,47	649	NAN	
44,2	1,461	645,5	NAN	
44,3	1,458	644	NAN	
44,4	1,455	643	NAN	
44,5	1,455	642,5	NAN	
44,6	1,455	642,5	NAN	
44,7	1,4565	642,5	NAN	
44,8	1,4565	642,5	NAN	
44,9	1,4565	642,5	NAN	
45	1,4565	642,5	NAN	
45,1	1,4355	639	NAN	
45,2	1,389	628,5	NAN	
45,3	1,329	613,5	NAN	
45,4	1,296	601	NAN	
45,5	1,2825	594	NAN	
45,6	1,2855	591,5	NAN	
45,7	1,284	591	NAN	
45,8	1,269	588	NAN	
45,9	1,221	577	NAN	
46	1,2	568,5	NAN	
46,1	1,191	563,5	NAN	
46,2	1,185	561	NAN	
46,3	1,1805	559	NAN	
46,4	1,1745	556,5	NAN	
46,5	1,164	554	NAN	
46,6	1,152	550,5	NAN	
46,7	1,143	546,5	NAN	
46,8	1,137	544,5	NAN	
46,9	1,1325	542,5	NAN	
47	1,119	539	NAN	
47,1	1,1145	537	NAN	
47,2	1,1145	536	NAN	
47,3	1,1115	535,5	NAN	
47,4	1,101	532,5	NAN	
47,5	1,101	531,5	NAN	
47,6	1,0905	530	NAN	
47,7	1,0845	527,5	NAN	
47,8	1,083	526	NAN	
47,9	1,0725	524	NAN	
48	1,0635	520,5	NAN	
48,1	1,0485	516	NAN	
48,2	1,029	510	NAN	
48,3	0,999	501	NAN	
48,4	0,972	493	NAN	
48,5	0,9585	487	NAN	
48,6	0,9435	481	NAN	
48,7	0,9315	476,5	NAN	
48,8	0,924	474	NAN	
48,9	0,915	470	NAN	
49	0,9045	466,5	NAN	
49,1	0,891	462,5	NAN	
49,2	0,885	459	NAN	
49,3	0,873	455,5	NAN	
49,4	0,87	453	NAN	
49,5	0,864	450,5	NAN	
49,6	0,8625	449,5	NAN	
49,7	0,8625	449	NAN	
49,8	0,861	448,5	NAN	
49,9	0,8565	447,5	NAN	
50	0,8505	445,5	NAN	
50,1	0,843	442,5	NAN	
50,2	0,837	440	NAN	
50,3	0,8325	439	NAN	
50,4	0,8205	436	NAN	
50,5	0,807	430,5	NAN	
50,6	0,795	426,5	NAN	
50,7	0,7845	423	NAN	
50,8	0,777	420	NAN	
50,9	0,768	416,5	NAN	
51	0,753	412	NAN	
51,1	0,753	409,5	NAN	
51,2	0,747	408	NAN	
51,3	0,7395	405,5	NAN	
51,4	0,7305	402,5	NAN	
51,5	0,7245	400	NAN	
51,6	0,7245	398,5	NAN	
51,7	0,7125	395,5	NAN	
51,8	0,693	389	NAN	
51,9	0,6705	381,5	NAN	
52	0,6495	374	NAN	
52,1	0,639	367	NAN	
52,2	0,63	363	NAN	
52,3	0,6195	358,5	NAN	
52,4	0,6135	356	NAN	
52,5	0,603	352,5	NAN	
52,6	0,5895	347	NAN	
52,7	0,576	342	NAN	
52,8	0,564	336,5	NAN	
52,9	0,558	333,5	NAN	
53	0,5505	330	NAN	
53,1	0,546	327,5	NAN	
53,2	0,54	325	NAN	
53,3	0,531	321	NAN	
53,4	0,5235	318,5	NAN	
53,5	0,5115	314,5	NAN	
53,6	0,504	310,5	NAN	
53,7	0,492	305,5	NAN	
53,8	0,489	303,5	NAN	
53,9	0,4845	301,5	NAN	
54	0,4845	299,5	NAN	
54,1	0,4725	297	NAN	
54,2	0,4695	294	NAN	
54,3	0,4665	293,5	NAN	
54,4	0,462	291	NAN	
54,5	0,4485	286	NAN	
54,6	0,4455	284	NAN	
54,7	0,4335	279	NAN	
54,8	0,42	273,5	NAN	
54,9	0,4095	268,5	NAN	
55	0,402	265	NAN	
55,1	0,3975	262	NAN	
55,2	0,3885	259	NAN	
55,3	0,372	252,5	NAN	
55,4	0,3615	247	NAN	
55,5	0,3525	242,5	NAN	
55,6	0,342	237,5	NAN	
55,7	0,336	234,5	NAN	
55,8	0,33	231	NAN	
55,9	0,315	226	NAN	
56	0,3135	223	NAN	
56,1	0,3105	220,5	NAN	
56,2	0,303	218	NAN	
56,3	0,294	214	NAN	
56,4	0,2895	211	NAN	
56,5	0,273	205	NAN	
56,6	0,2595	198,5	NAN	
56,7	0,2535	195	NAN	
56,8	0,246	190,5	NAN	
56,9	0,2355	187	NAN	
57	0,225	182	NAN	
57,1	0,2175	178	NAN	
57,2	0,2085	173,5	NAN	
57,3	0,2025	170	NAN	
57,4	0,1905	165,5	NAN	
57,5	0,18	160	NAN	
57,6	0,174	156	NAN	
57,7	0,165	152,5	NAN	
57,8	0,1635	150	NAN	
57,9	0,159	148,5	NAN	
58	0,153	146	NAN	
58,1	0,147	142	NAN	
58,2	0,141	139,5	NAN	
58,3	0,1365	137,5	NAN	
58,4	0,1215	131	NAN	
58,5	0,108	125,5	NAN	
58,6	0,1035	121	NAN	
58,7	0,1035	120	NAN	
58,8	0,102	119	NAN	
58,9	0,0915	116	NAN	
59	0,09	114,5	NAN	
59,1	0,09	113	NAN	
59,2	0,081	111	NAN	
59,3	0,0615	104	NAN	
59,4	0,063	101	NAN	
59,5	0,057	99	NAN	
59,6	0,054	97	NAN	
59,7	0,045	94,5	NAN	
59,8	0,039	90	NAN	
59,9	0,039	89	NAN	
60	0,0345	87	NAN	
60,1	0,0345	87	NAN	
60,2	0,0285	84	NAN	
60,3	0,03	83,5	NAN	
60,4	0,018	81	NAN	
60,5	0,0135	76,5	NAN	
60,6	0,018	76,5	NAN	
60,7	0,018	77	NAN	
60,8	0,0165	76	NAN	
60,9	0,018	76	NAN	
61	0,015	75,5	NAN	
61,1	0,015	75,5	NAN	
61,2	0,015	75,5	NAN	
61,3	0,015	75,5	NAN	
61,4	0,0165	76	NAN	
61,5	0	71	NAN	
61,6	0	70	NAN	
61,7	-0,0015	69	NAN	
61,8	0	69	NAN	
61,9	0,0015	68,5	NAN	
62	0	68	NAN	
62,1	-0,2565	11	NAN	
62,2	0,0015	32	NAN	
62,3	0	35	NAN	
62,4	0	36	NAN	
62,5	0	36	NAN	
62,6	0	36,5	NAN	
62,7	0,0015	36	NAN	
62,8	0,0015	36	NAN	
62,9	0,003	36	NAN	
63	0,0015	36	NAN	
63,1	0	36	NAN	
63,2	0	36	NAN	
63,3	0,0015	36,5	NAN	
63,4	0,0015	36,5	NAN	
63,5	0	36,5	NAN	
63,6	-0,0015	36	NAN	
63,7	-0,0015	36	NAN	
63,8	0	36	NAN	
63,9	0	36	NAN	
64	0	36	NAN	
64,1	-0,0015	36,5	NAN	
64,2	0	36	NAN	
64,3	0	36	NAN	
64,4	0,0015	36	NAN	
64,5	0,0015	36	NAN	
64,6	0	36	NAN	
64,7	0	36	NAN	
64,8	0,0015	36	NAN	
64,9	0	36	NAN	
65	0	36,5	NAN	
65,1	0	36	NAN	
65,2	0	36	NAN	
65,3	0	36,5	NAN	
65,4	0	36	NAN	
65,5	0	36	NAN	
65,6	0	36	NAN	
65,7	0	36,5	NAN	
65,8	-0,003	36	NAN	
65,9	-0,0435	30	NAN	
66	-0,0825	23,5	NAN	
66,1	-0,1305	12,5	NAN	
66,2	-0,1755	-6	NAN	
66,3	-0,2115	-21	NAN	
66,4	-0,231	-34,5	NAN	
66,5	-0,2415	-41,5	NAN	
66,6	-0,261	-49,5	NAN	
66,7	-0,27	-56,5	NAN	
66,8	-0,2745	-61	NAN	
66,9	-0,2805	-64	NAN	
67	-0,2805	-66,5	NAN	
67,1	-0,2835	-67,5	NAN	
67,2	-0,2955	-71	NAN	
67,3	-0,3165	-78	NAN	
67,4	-0,3195	-82	NAN	
67,5	-0,33	-86	NAN	
67,6	-0,345	-91,5	NAN	
67,7	-0,3525	-96	NAN	
67,8	-0,363	-100,5	NAN	
67,9	-0,3765	-106	NAN	
68	-0,39	-112	NAN	
68,1	-0,3975	-117	NAN	
68,2	-0,4005	-120	NAN	
68,3	-0,414	-124,5	NAN	
68,4	-0,435	-131,5	NAN	
68,5	-0,456	-140	NAN	
68,6	-0,4665	-147	NAN	
68,7	-0,468	-150	NAN	
68,8	-0,468	-152,5	NAN	
68,9	-0,468	-153,5	NAN	
69	-0,4695	-154	NAN	
69,1	-0,4725	-155	NAN	
69,2	-0,4875	-158,5	NAN	
69,3	-0,4995	-163	NAN	
69,4	-0,513	-169,5	NAN	
69,5	-0,5265	-175,5	NAN	
69,6	-0,5355	-180,5	NAN	
69,7	-0,5565	-187,5	NAN	
69,8	-0,576	-195,5	NAN	
69,9	-0,585	-201,5	NAN	
70	-0,585	-204	NAN	
70,1	-0,5865	-206	NAN	
70,2	-0,588	-208	NAN	
70,3	-0,5895	-209	NAN	
70,4	-0,5925	-209	NAN	
70,5	-0,594	-211	NAN	
70,6	-0,597	-212	NAN	
70,7	-0,6015	-213,5	NAN	
70,8	-0,6075	-215,5	NAN	
70,9	-0,615	-218,5	NAN	
71	-0,6225	-222	NAN	
71,1	-0,624	-223,5	NAN	
71,2	-0,624	-224,5	NAN	
71,3	-0,6285	-225,5	NAN	
71,4	-0,6315	-227	NAN	
71,5	-0,6315	-228	NAN	
71,6	-0,633	-228,5	NAN	
71,7	-0,636	-229,5	NAN	
71,8	-0,651	-233	NAN	
71,9	-0,657	-236,5	NAN	
72	-0,6675	-240	NAN	
72,1	-0,696	-250	NAN	
72,2	-0,7125	-257,5	NAN	
72,3	-0,717	-261,5	NAN	
72,4	-0,7365	-267,5	NAN	
72,5	-0,759	-276	NAN	
72,6	-0,7755	-285	NAN	
72,7	-0,7905	-291	NAN	
72,8	-0,8145	-299,5	NAN	
72,9	-0,834	-308	NAN	
73	-0,846	-314,5	NAN	
73,1	-0,8595	-321	NAN	
73,2	-0,8715	-326,5	NAN	
73,3	-0,8865	-333	NAN	
73,4	-0,9015	-337	NAN	
73,5	-0,921	-346	NAN	
73,6	-0,9375	-352,5	NAN	
73,7	-0,963	-361,5	NAN	
73,8	-0,9765	-368,5	NAN	
73,9	-0,996	-377	NAN	
74	-1,0185	-385	NAN	
74,1	-1,032	-392	NAN	
74,2	-1,0425	-397	NAN	
74,3	-1,0455	-400,5	NAN	
74,4	-1,0515	-403	NAN	
74,5	-1,062	-406,5	NAN	
74,6	-1,074	-411,5	NAN	
74,7	-1,0875	-417	NAN	
74,8	-1,0995	-419,5	NAN	
74,9	-1,11	-425	NAN	
75	-1,1175	-428,5	NAN	
75,1	-1,125	-432	NAN	
75,2	-1,1325	-436,5	NAN	
75,3	-1,1535	-442,5	NAN	
75,4	-1,164	-443,5	NAN	
75,5	-1,1745	-448	NAN	
75,6	-1,188	-456,5	NAN	
75,7	-1,206	-461,5	NAN	
75,8	-1,2165	-466,5	NAN	
75,9	-1,218	-465	NAN	
76	-1,227	-473	NAN	
76,1	-1,2345	-471,5	NAN	
76,2	-1,2405	-475	NAN	
76,3	-1,248	-477,5	NAN	
76,4	-1,2525	-478,5	NAN	
76,5	-1,2675	-481,5	NAN	
76,6	-1,284	-487,5	NAN	
76,7	-1,3005	-499	NAN	
76,8	-1,3125	-499,5	NAN	
76,9	-1,317	-504	NAN	
77	-1,3245	-504	NAN	
77,1	-1,3335	-509	NAN	
77,2	-1,35	-513,5	NAN	
77,3	-1,362	-517	NAN	
77,4	-1,374	-522	NAN	
77,5	-1,3815	-530	NAN	
77,6	-1,392	-532	NAN	
77,7	-1,401	-529,5	NAN	
77,8	-1,422	-539,5	NAN	
77,9	-1,44	-544	NAN	
78	-1,455	-553	NAN	
78,1	-1,467	-555	NAN	
78,2	-1,4805	-558	NAN	
78,3	-1,4955	-566	NAN	
78,4	-1,506	-570	NAN	
78,5	-1,509	-574	NAN	
78,6	-1,515	-577,5	NAN	
78,7	-1,521	-572,5	NAN	
78,8	-1,5405	-584	NAN	
78,9	-1,5675	-584	NAN	
79	-1,587	-596	NAN	
79,1	-1,6155	-597,5	NAN	
79,2	-1,6305	-610	NAN	
79,3	-1,65	-618,5	NAN	
79,4	-1,6635	-614,5	NAN	
79,5	-1,6755	-618,5	NAN	
79,6	-1,677	-621	NAN	
79,7	-1,677	-628,5	NAN	
79,8	-1,6785	-630	NAN	
79,9	-1,677	-624	NAN	
80	-1,6785	-630,5	NAN	
80,1	-1,713	-632,5	NAN	
80,2	-1,7595	-648,5	NAN	
80,3	-1,7865	-659	NAN	
80,4	-1,8105	-667	NAN	
80,5	-1,839	-669	NAN	
80,6	-1,872	-679,5	NAN	
80,7	-1,893	-688,5	NAN	
80,8	-1,911	-690	NAN	
80,9	-1,923	-693	NAN	
81	-1,9305	-699	NAN	
81,1	-1,9425	-700	NAN	
81,2	-1,953	-707,5	NAN	
81,3	-1,959	-706,5	NAN	
81,4	-1,9995	-718,5	NAN	
81,5	-2,031	-728,5	NAN	
81,6	-2,046	-730	NAN	
81,7	-2,052	-736	NAN	
81,8	-2,061	-742,5	NAN	
81,9	-2,0715	-744,5	NAN	
82	-2,076	-740,5	NAN	
82,1	-2,0955	-750	NAN	
82,2	-2,109	-753,5	NAN	
82,3	-2,118	-757	NAN	
82,4	-2,136	-757	NAN	
82,5	-2,151	-756	NAN	
82,6	-2,16	-768	NAN	
82,7	-2,172	-770,5	NAN	
82,8	-2,172	-772	NAN	
82,9	-2,1765	-773	NAN	
83	-2,187	-767	NAN	
83,1	-2,199	-771,5	NAN	
83,2	-2,2065	-778	NAN	
83,3	-2,217	-779,5	NAN	
83,4	-2,232	-777	NAN	
83,5	-2,238	-787,5	NAN	
83,6	-2,2485	-791	NAN	
83,7	-2,2695	-791,5	NAN	
83,8	-2,283	-795,5	NAN	
83,9	-2,298	-800,5	NAN	
84	-2,3145	-806	NAN	
84,1	-2,325	-805	NAN	
84,2	-2,34	-803	NAN	
84,3	-2,379	-819	NAN	
84,4	-2,4075	-826,5	NAN	
84,5	-2,412	-827	NAN	
84,6	-2,424	-831,5	NAN	
84,7	-2,4375	-825	NAN	
84,8	-2,4705	-835,5	NAN	
84,9	-2,481	-843	NAN	
85	-2,4945	-839,5	NAN	
85,1	-2,5125	-848	NAN	
85,2	-2,5245	-852	NAN	
85,3	-2,535	-853,5	NAN	
85,4	-2,5515	-851	NAN	
85,5	-2,562	-858	NAN	
85,6	-2,5725	-862,5	NAN	
85,7	-2,577	-860,5	NAN	
85,8	-2,5755	-858,5	NAN	
85,9	-2,5755	-860,5	NAN	
86	-2,5785	-857,5	NAN	
86,1	-2,5815	-863,5	NAN	
86,2	-2,5815	-865,5	NAN	
86,3	-2,5815	-861,5	NAN	
86,4	-2,583	-868,5	NAN	
86,5	-2,5845	-868	NAN	
86,6	-2,592	-869,5	NAN	
86,7	-2,5965	-868	NAN	
86,8	-2,598	-863,5	NAN	
86,9	-2,607	-870,5	NAN	
87	-2,607	-863,5	NAN	
87,1	-2,6085	-868	NAN	
87,2	-2,616	-872	NAN	
87,3	-2,6205	-871,5	NAN	
87,4	-2,6295	-877	NAN	
87,5	-2,643	-869,5	NAN	
87,6	-2,649	-881	NAN	
87,7	-2,655	-877	NAN	
87,8	-2,6625	-882	NAN	
87,9	-2,6715	-885,5	NAN	
88	-2,6775	-876	NAN	
88,1	-2,685	-883	NAN	
88,2	-2,6925	-887,5	NAN	
88,3	-2,703	-882	NAN	
88,4	-2,715	-893,5	NAN	
88,5	-2,718	-893	NAN	
88,6	-2,727	-885,5	NAN	
88,7	-2,739	-888,5	NAN	
88,8	-2,7555	-899	NAN	
88,9	-2,7675	-897	NAN	
89	-2,7735	-898,5	NAN	
89,1	-2,778	-902,5	NAN	
89,2	-2,7855	-902	NAN	
89,3	-2,787	-897	NAN	
89,4	-2,7915	-899,5	NAN	
89,5	-2,793	-901	NAN	
89,6	-2,8005	-899,5	NAN	
89,7	-2,8095	-903	NAN	
89,8	-2,8185	-903	NAN	
89,9	-2,8305	-914,5	NAN	
90	-2,841	-907,5	NAN	
90,1	-2,847	-908	NAN	
90,2	-2,8605	-914,5	NAN	
90,3	-2,874	-918	NAN	
90,4	-2,8785	-922	NAN	
90,5	-2,8845	-923,5	NAN	
90,6	-2,889	-920,5	NAN	
90,7	-2,892	-919,5	NAN	
90,8	-2,898	-922,5	NAN	
90,9	-2,916	-922,5	NAN	
91	-2,922	-928,5	NAN	
91,1	-2,9265	-930,5	NAN	
91,2	-2,931	-929	NAN	
91,3	-2,9355	-931	NAN	
91,4	-2,943	-924	NAN	
91,5	-2,955	-934	NAN	
91,6	-2,9655	-928,5	NAN	
91,7	-2,9685	-928	NAN	
91,8	-2,9685	-928,5	NAN	
91,9	-2,97	-938	NAN	
92	-2,961	-936	NAN	
92,1	-2,9295	-935,5	NAN	
92,2	-2,925	-926	NAN	
92,3	-2,9085	-933,5	NAN	
92,4	-2,889	-929,5	NAN	
92,5	-2,868	-920,5	NAN	
92,6	-2,8575	-920	NAN	
92,7	-2,8545	-918,5	NAN	
92,8	-2,8515	-928,5	NAN	
92,9	-2,847	-928	NAN	
93	-2,8455	-924	NAN	
93,1	-2,8425	-918	NAN	
93,2	-2,838	-924	NAN	
93,3	-2,8365	-917,5	NAN	
93,4	-2,8335	-916,5	NAN	
93,5	-2,829	-923,5	NAN	
93,6	-2,8215	-925,5	NAN	
93,7	-2,811	-922	NAN	
93,8	-2,796	-919	NAN	
93,9	-2,787	-919	NAN	
94	-2,7765	-917	NAN	
94,1	-2,7615	-919	NAN	
94,2	-2,7495	-908	NAN	
94,3	-2,739	-907	NAN	
94,4	-2,7255	-907,5	NAN	
94,5	-2,7195	-914,5	NAN	
94,6	-2,7105	-911,5	NAN	
94,7	-2,7	-903,5	NAN	
94,8	-2,6835	-911	NAN	
94,9	-2,6655	-908	NAN	
95	-2,664	-902	NAN	
95,1	-2,661	-903	NAN	
95,2	-2,6565	-907	NAN	
95,3	-2,6535	-905,5	NAN	
95,4	-2,649	-904	NAN	
95,5	-2,6385	-897	NAN	
95,6	-2,6265	-893,5	NAN	
95,7	-2,616	-892,5	NAN	
95,8	-2,61	-891,5	NAN	
95,9	-2,601	-892,5	NAN	
96	-2,5905	-898	NAN	
96,1	-2,5695	-886,5	NAN	
96,2	-2,5515	-889	NAN	
96,3	-2,5275	-880	NAN	
96,4	-2,5185	-879	NAN	
96,5	-2,5155	-887,5	NAN	
96,6	-2,5155	-883	NAN	
96,7	-2,508	-878,5	NAN	
96,8	-2,5005	-886	NAN	
96,9	-2,487	-880	NAN	
97	-2,466	-881	NAN	
97,1	-2,439	-875	NAN	
97,2	-2,4285	-872	NAN	
97,3	-2,4165	-866	NAN	
97,4	-2,4075	-863	NAN	
97,5	-2,3955	-859,5	NAN	
97,6	-2,388	-860,5	NAN	
97,7	-2,37	-861	NAN	
97,8	-2,3535	-861	NAN	
97,9	-2,337	-857	NAN	
98	-2,322	-856,5	NAN	
98,1	-2,3145	-855,5	NAN	
98,2	-2,304	-853	NAN	
98,3	-2,2845	-844	NAN	
98,4	-2,265	-844	NAN	
98,5	-2,25	-834,5	NAN	
98,6	-2,25	-833	NAN	
98,7	-2,2455	-832	NAN	
98,8	-2,235	-840	NAN	
98,9	-2,2275	-834,5	NAN	
99	-2,2185	-827	NAN	
99,1	-2,2095	-834,5	NAN	
99,2	-2,199	-832	NAN	
99,3	-2,181	-822	NAN	
99,4	-2,169	-819	NAN	
99,5	-2,166	-823,5	NAN	
99,6	-2,154	-824,5	NAN	
99,7	-2,127	-820	NAN	
99,8	-2,1105	-806,5	NAN	
99,9	-2,1075	-811	NAN	
100	-2,1075	-811,5	NAN	
100,1	-2,1045	-807,5	NAN	
100,2	-2,1045	-804	NAN	
100,3	-2,103	-805,5	NAN	
100,4	-2,103	-802,5	NAN	
100,5	-2,097	-808	NAN	
100,6	-2,0745	-798	NAN	
100,7	-2,058	-794,5	NAN	
100,8	-2,04	-798,5	NAN	
100,9	-2,028	-787	NAN	
101	-2,0175	-784,5	NAN	
101,1	-2,0055	-788	NAN	
101,2	-1,998	-789	NAN	
101,3	-1,9875	-780	NAN	
101,4	-1,971	-775	NAN	
101,5	-1,944	-775	NAN	
101,6	-1,9305	-764,5	NAN	
101,7	-1,923	-770,5	NAN	
101,8	-1,911	-766,5	NAN	
101,9	-1,9065	-758,5	NAN	
102	-1,896	-761,5	NAN	
102,1	-1,878	-761	NAN	
102,2	-1,8465	-744,5	NAN	
102,3	-1,833	-743	NAN	
102,4	-1,827	-744	NAN	
102,5	-1,8195	-735,5	NAN	
102,6	-1,8105	-736	NAN	
102,7	-1,803	-741	NAN	
102,8	-1,7895	-736	NAN	
102,9	-1,7715	-727	NAN	
103	-1,749	-724,5	NAN	
103,1	-1,74	-724	NAN	
103,2	-1,7325	-716	NAN	
103,3	-1,713	-715	NAN	
103,4	-1,704	-714,5	NAN	
103,5	-1,6905	-711	NAN	
103,6	-1,677	-703	NAN	
103,7	-1,6635	-703,5	NAN	
103,8	-1,6545	-698,5	NAN	
103,9	-1,6455	-689,5	NAN	
104	-1,638	-688	NAN	
104,1	-1,6245	-684	NAN	
104,2	-1,617	-689,5	NAN	
104,3	-1,599	-686,5	NAN	
104,4	-1,581	-676,5	NAN	
104,5	-1,5525	-674	NAN	
104,6	-1,533	-666,5	NAN	
104,7	-1,5195	-662	NAN	
104,8	-1,5135	-660,5	NAN	
104,9	-1,5	-650	NAN	
105	-1,488	-653,5	NAN	
105,1	-1,4805	-647,5	NAN	
105,2	-1,464	-640	NAN	
105,3	-1,449	-633,5	NAN	
105,4	-1,4325	-630,5	NAN	
105,5	-1,419	-625	NAN	
105,6	-1,398	-622	NAN	
105,7	-1,3875	-621,5	NAN	
105,8	-1,3755	-618	NAN	
105,9	-1,368	-612,5	NAN	
106	-1,3515	-605	NAN	
106,1	-1,341	-600	NAN	
106,2	-1,3365	-602,5	NAN	
106,3	-1,3215	-597,5	NAN	
106,4	-1,311	-599,5	NAN	
106,5	-1,293	-587,5	NAN	
106,6	-1,2765	-583,5	NAN	
106,7	-1,248	-573	NAN	
106,8	-1,227	-566	NAN	
106,9	-1,215	-567,5	NAN	
107	-1,2015	-561	NAN	
107,1	-1,1835	-559	NAN	
107,2	-1,1625	-545,5	NAN	
107,3	-1,131	-536,5	NAN	
107,4	-1,128	-538	NAN	
107,5	-1,1175	-534	NAN	
107,6	-1,1055	-532,5	NAN	
107,7	-1,101	-529,5	NAN	
107,8	-1,0995	-524	NAN	
107,9	-1,0905	-526	NAN	
108	-1,0815	-522,5	NAN	
108,1	-1,071	-520,5	NAN	
108,2	-1,0545	-509,5	NAN	
108,3	-1,0515	-507,5	NAN	
108,4	-1,053	-512,5	NAN	
108,5	-1,053	-512	NAN	
108,6	-1,0515	-507	NAN	
108,7	-1,0515	-509,5	NAN	
108,8	-1,0485	-510,5	NAN	
108,9	-1,035	-507,5	NAN	
109	-1,011	-497	NAN	
109,1	-0,993	-495	NAN	
109,2	-0,972	-488,5	NAN	
109,3	-0,96	-477,5	NAN	
109,4	-0,936	-472,5	NAN	
109,5	-0,9315	-470,5	NAN	
109,6	-0,9225	-467	NAN	
109,7	-0,912	-461,5	NAN	
109,8	-0,8985	-461	NAN	
109,9	-0,888	-456,5	NAN	
110	-0,8835	-451,5	NAN	
110,1	-0,864	-448	NAN	
110,2	-0,8535	-441	NAN	
110,3	-0,84	-438,5	NAN	
110,4	-0,831	-433	NAN	
110,5	-0,8055	-425,5	NAN	
110,6	-0,7845	-417	NAN	
110,7	-0,771	-412	NAN	
110,8	-0,756	-406,5	NAN	
110,9	-0,7485	-403	NAN	
111	-0,7395	-399,5	NAN	
111,1	-0,729	-395	NAN	
111,2	-0,7125	-389,5	NAN	
111,3	-0,705	-386	NAN	
111,4	-0,7005	-383,5	NAN	
111,5	-0,6885	-379,5	NAN	
111,6	-0,669	-374,5	NAN	
111,7	-0,6435	-365,5	NAN	
111,8	-0,633	-358	NAN	
111,9	-0,6255	-354,5	NAN	
112	-0,612	-349	NAN	
112,1	-0,5985	-344,5	NAN	
112,2	-0,588	-339	NAN	
112,3	-0,5745	-334	NAN	
112,4	-0,558	-328	NAN	
112,5	-0,543	-322,5	NAN	
112,6	-0,5325	-316	NAN	
112,7	-0,522	-311,5	NAN	
112,8	-0,51	-306,5	NAN	
112,9	-0,501	-302,5	NAN	
113	-0,4905	-298	NAN	
113,1	-0,4845	-294	NAN	
113,2	-0,477	-291	NAN	
113,3	-0,465	-287	NAN	
113,4	-0,441	-277,5	NAN	
113,5	-0,4305	-272	NAN	
113,6	-0,408	-263,5	NAN	
113,7	-0,3975	-256,5	NAN	
113,8	-0,384	-250	NAN	
113,9	-0,369	-243	NAN	
114	-0,3525	-236	NAN	
114,1	-0,336	-228,5	NAN	
114,2	-0,3135	-219	NAN	
114,3	-0,2925	-209,5	NAN	
114,4	-0,2895	-205	NAN	
114,5	-0,2805	-200,5	NAN	
114,6	-0,261	-193,5	NAN	
114,7	-0,243	-185	NAN	
114,8	-0,228	-176,5	NAN	
114,9	-0,21	-169	NAN	
115	-0,1815	-158	NAN	
115,1	-0,156	-145	NAN	
115,2	-0,12	-129,5	NAN	
115,3	-0,093	-115	NAN	
115,4	-0,0675	-102	NAN	
115,5	-0,0465	-91	NAN	
115,6	-0,0345	-83,5	NAN	
115,7	-0,0375	-80,5	NAN	
115,8	-0,036	-78,5	NAN	
115,9	-0,0375	-78,5	NAN	
116	-0,0405	-78,5	NAN	
116,1	-0,0405	-78	NAN	
116,2	-0,039	-78	NAN	
116,3	-0,039	-78	NAN	
116,4	-0,036	-77	NAN	
116,5	-0,0285	-75,5	NAN	
116,6	0	-65,5	NAN	
116,7	-0,0015	-63	NAN	
116,8	0	-61,5	NAN	
116,9	0	-60,5	NAN	
117	0	-60,5	NAN	
117,1	0	-60	NAN	
117,2	0,0015	-60	NAN	
117,3	-0,0015	-60	NAN	
117,4	0	-60	NAN	
117,5	0	-59,5	NAN	
117,6	-0,0015	-59,5	NAN	
117,7	0	-59	NAN	
117,8	0	-59,5	NAN	
117,9	0,0015	-59,5	NAN	
118	0	-59,5	NAN	
118,1	0	-59,5	NAN	
118,2	0	-59,5	NAN	
118,3	-0,0015	-59	NAN	
118,4	0	-59,5	NAN	
118,5	-0,0015	-59,5	NAN	
118,6	0,0015	-59,5	NAN	
118,7	0,0015	-59,5	NAN	
118,8	0	-59,5	NAN	
118,9	0,0015	-59,5	NAN	
119	0	-59	NAN	
119,1	0	-59	NAN	
119,2	-0,0015	-59,5	NAN	
119,3	0	-59,5	NAN	
119,4	0,0015	-59	NAN	
119,5	-0,0015	-59,5	NAN	
119,6	0,0015	-59	NAN	
119,7	0	-59,5	NAN	
119,8	0,0015	-59	NAN	
119,9	0,0105	-58,5	NAN	
120	0,0285	-51,5	NAN	
120,1	0,084	-32	NAN	
120,2	0,108	-17,5	NAN	
120,3	0,1305	-7,5	NAN	
120,4	0,1365	-0,5	NAN	
120,5	0,147	4	NAN	
120,6	0,1545	8,5	NAN	
120,7	0,162	13	NAN	
120,8	0,165	15,5	NAN	
120,9	0,1755	19,5	NAN	
121	0,189	23,5	NAN	
121,1	0,213	35	NAN	
121,2	0,2295	43	NAN	
121,3	0,237	47,5	NAN	
121,4	0,2415	51,5	NAN	
121,5	0,2535	56	NAN	
121,6	0,279	65	NAN	
121,7	0,315	79,5	NAN	
121,8	0,336	90	NAN	
121,9	0,3495	99	NAN	
122	0,36	105	NAN	
122,1	0,372	110,5	NAN	
122,2	0,3825	116	NAN	
122,3	0,399	122,5	NAN	
122,4	0,4035	126,5	NAN	
122,5	0,411	130,5	NAN	
122,6	0,4185	134	NAN	
122,7	0,4305	139	NAN	
122,8	0,4365	143	NAN	
122,9	0,444	146	NAN	
123	0,4545	150,5	NAN	
123,1	0,471	157	NAN	
123,2	0,4935	166	NAN	
123,3	0,5205	177	NAN	
123,4	0,5355	185	NAN	
123,5	0,552	192	NAN	
123,6	0,57	200	NAN	
123,7	0,588	208,5	NAN	
123,8	0,5985	214,5	NAN	
123,9	0,6135	221,5	NAN	
124	0,6225	227	NAN	
124,1	0,6315	231,5	NAN	
124,2	0,636	234,5	NAN	
124,3	0,654	240	NAN	
124,4	0,6735	248,5	NAN	
124,5	0,693	256,5	NAN	
124,6	0,708	263	NAN	
124,7	0,7245	270,5	NAN	
124,8	0,738	277	NAN	
124,9	0,7455	282	NAN	
125	0,753	285	NAN	
125,1	0,768	291	NAN	
125,2	0,777	295,5	NAN	
125,3	0,783	299	NAN	
125,4	0,801	305,5	NAN	
125,5	0,825	314	NAN	
125,6	0,837	320	NAN	
125,7	0,858	327,5	NAN	
125,8	0,873	334	NAN	
125,9	0,8895	342	NAN	
126	0,903	348	NAN	
126,1	0,9165	354	NAN	
126,2	0,924	358,5	NAN	
126,3	0,939	363,5	NAN	
126,4	0,96	371	NAN	
126,5	0,9735	377,5	NAN	
126,6	0,972	380	NAN	
126,7	0,975	382	NAN	
126,8	0,9855	385	NAN	
126,9	0,9915	388	NAN	
127	0,993	390	NAN	
127,1	1,002	392,5	NAN	
127,2	1,0245	399	NAN	
127,3	1,047	407	NAN	
127,4	1,071	415,5	NAN	
127,5	1,0995	425	NAN	
127,6	1,1205	434,5	NAN	
127,7	1,131	440,5	NAN	
127,8	1,143	445	NAN	
127,9	1,1655	452	NAN	
128	1,176	458,5	NAN	
128,1	1,1895	463,5	NAN	
128,2	1,209	469,5	NAN	
128,3	1,2195	475	NAN	
128,4	1,239	481,5	NAN	
128,5	1,254	487,5	NAN	
128,6	1,272	494,5	NAN	
128,7	1,29	500,5	NAN	
128,8	1,311	507	NAN	
128,9	1,3275	514	NAN	
129	1,3485	521	NAN	
129,1	1,3665	527	NAN	
129,2	1,389	534	NAN	
129,3	1,404	540,5	NAN	
129,4	1,4145	545,5	NAN	
129,5	1,422	549,5	NAN	
129,6	1,428	552	NAN	
129,7	1,437	555	NAN	
129,8	1,446	557,5	NAN	
129,9	1,4565	561	NAN	
130	1,47	565	NAN	
130,1	1,476	568,5	NAN	
130,2	1,491	572,5	NAN	
130,3	1,5015	576,5	NAN	
130,4	1,5135	580,5	NAN	
130,5	1,5315	585	NAN	
130,6	1,566	594	NAN	
130,7	1,5975	604,5	NAN	
130,8	1,6245	613	NAN	
130,9	1,6455	620	NAN	
131	1,6665	627	NAN	
131,1	1,677	632	NAN	
131,2	1,7055	639,5	NAN	
131,3	1,7385	648,5	NAN	
131,4	1,7655	657	NAN	
131,5	1,788	665	NAN	
131,6	1,8045	670,5	NAN	
131,7	1,815	675	NAN	
131,8	1,8315	679	NAN	
131,9	1,86	686,5	NAN	
132	1,878	692,5	NAN	
132,1	1,902	699	NAN	
132,2	1,923	705,5	NAN	
132,3	1,95	712	NAN	
132,4	1,9815	720,5	NAN	
132,5	2,013	728,5	NAN	
132,6	2,043	736,5	NAN	
132,7	2,0715	745	NAN	
132,8	2,1015	752,5	NAN	
132,9	2,118	758,5	NAN	
133	2,142	764,5	NAN	
133,1	2,1585	770,5	NAN	
133,2	2,172	774,5	NAN	
133,3	2,196	779	NAN	
133,4	2,2155	784,5	NAN	
133,5	2,238	790	NAN	
133,6	2,2605	795,5	NAN	
133,7	2,2995	804	NAN	
133,8	2,337	812	NAN	
133,9	2,3715	820,5	NAN	
134	2,3955	827,5	NAN	
134,1	2,421	833	NAN	
134,2	2,445	839	NAN	
134,3	2,4675	844	NAN	
134,4	2,4765	847,5	NAN	
134,5	2,496	851	NAN	
134,6	2,514	855	NAN	
134,7	2,5335	859	NAN	
134,8	2,5425	862	NAN	
134,9	2,5605	865	NAN	
135	2,577	868,5	NAN	
135,1	2,5845	871	NAN	
135,2	2,589	872	NAN	
135,3	2,592	873	NAN	
135,4	2,595	874	NAN	
135,5	2,598	874,5	NAN	
135,6	2,616	877	NAN	
135,7	2,625	879	NAN	
135,8	2,64	882	NAN	
135,9	2,646	883,5	NAN	
136	2,6475	884,5	NAN	
136,1	2,6565	885,5	NAN	
136,2	2,667	887,5	NAN	
136,3	2,6775	889,5	NAN	
136,4	2,6865	891,5	NAN	
136,5	2,703	894	NAN	
136,6	2,7225	897	NAN	
136,7	2,727	899	NAN	
136,8	2,736	900,5	NAN	
136,9	2,751	903	NAN	
137	2,7735	906,5	NAN	
137,1	2,793	910,5	NAN	
137,2	2,8125	914	NAN	
137,3	2,826	916,5	NAN	
137,4	2,847	920	NAN	
137,5	2,865	923,5	NAN	
137,6	2,8815	926	NAN	
137,7	2,913	930,5	NAN	
137,8	2,9475	936	NAN	
137,9	2,9655	939,5	NAN	
138	2,979	942,5	NAN	
138,1	3,0075	946	NAN	
138,2	3,036	950	NAN	
138,3	3,0555	953,5	NAN	
138,4	3,063	955,5	NAN	
138,5	3,066	956,5	NAN	
138,6	3,0675	957	NAN	
138,7	3,069	956,5	NAN	
138,8	3,0705	956,5	NAN	
138,9	3,0675	957	NAN	
139	3,0705	957	NAN	
139,1	3,0705	957	NAN	
139,2	3,0735	957	NAN	
139,3	3,072	957,5	NAN	
139,4	3,072	957,5	NAN	
139,5	3,0735	957,5	NAN	
139,6	3,0735	957,5	NAN	
139,7	3,0735	957	NAN	
139,8	3,072	957,5	NAN	
139,9	3,0705	957	NAN	
140	3,072	957,5	NAN	
140,1	3,072	957,5	NAN	
140,2	3,0705	957,5	NAN	
140,3	3,072	957,5	NAN	
140,4	3,0735	957,5	NAN	
140,5	3,0735	957,5	NAN	
140,6	3,0735	957,5	NAN	
140,7	3,075	957,5	NAN	
140,8	3,075	957,5	NAN	
140,9	3,0735	957,5	NAN	
141	3,0735	957,5	NAN	
141,1	3,0735	957,5	NAN	
141,2	3,0735	957,5	NAN	
141,3	3,0735	957,5	NAN	
141,4	3,0735	957,5	NAN	
141,5	3,0705	957,5	NAN	
141,6	3,075	957,5	NAN	
141,7	3,075	957,5	NAN	
141,8	3,0735	957,5	NAN	
141,9	3,072	957,5	NAN	
142	3,0735	957,5	NAN	
142,1	3,072	957,5	NAN	
142,2	3,0735	957,5	NAN	
142,3	3,0735	957,5	NAN	
142,4	3,075	958	NAN	
142,5	3,075	957,5	NAN	
142,6	2,199	890	NAN	
142,7	1,002	601,5	NAN	
142,8	0,5955	415	NAN	
142,9	0,3525	292,5	NAN	
143	0,201	209,5	NAN	
143,1	0,1005	153	NAN	
143,2	0,036	113	NAN	
143,3	0	86,5	NAN	
143,4	0,0015	74,5	NAN	
143,5	0,0015	68,5	NAN	
143,6	-0,0015	65,5	NAN	
143,7	0	63,5	NAN	
143,8	0,0015	62,5	NAN	
