MIN=0	-3	-1000	0	
MAX=226,27417	3	1000	5	
SCALE=100	1	500	1	
DEC=1	3	0	3	
DEF="Zeit" t / s	"Strom" I_A1 / A	"Magn. Flussdichte" B_B1 / mT	"Frequenz" f / Hz	
0	0	-7	NAN	
0,1	-0,0015	-7	NAN	
0,2	-0,0015	-7	NAN	
0,301	0	-7,5	NAN	
0,401	-0,0015	-7	NAN	
0,501	0	-7	NAN	
0,601	0	-7	NAN	
0,701	0,0015	-7	NAN	
0,801	0	-7,5	NAN	
0,901	0	-7	NAN	
1,001	0	-7	NAN	
1,101	-0,0015	-7	NAN	
1,201	0	-7	NAN	
1,301	0	-7	NAN	
1,401	0,0015	-7	NAN	
1,501	0	-7	NAN	
1,601	0	-6,5	NAN	
1,701	-0,0015	-7	NAN	
1,801	0	-7	NAN	
1,901	0,0015	-7	NAN	
2,001	0	-7	NAN	
2,101	0	-7	NAN	
2,201	-0,0015	-7	NAN	
2,301	0	-6,5	NAN	
2,401	-0,0015	-7	NAN	
2,501	0	-7	NAN	
2,601	0,0015	-7	NAN	
2,701	0	-7	NAN	
2,801	0	-7	NAN	
2,901	0	-7	NAN	
3,001	-0,0015	-7	NAN	
3,101	0,0015	-7	NAN	
3,201	0	-7	NAN	
3,301	0,0015	-6,5	NAN	
3,401	0,0015	-7	NAN	
3,501	0	-7	NAN	
3,601	0	-7	NAN	
3,701	0	-7	NAN	
3,801	0	-7	NAN	
3,901	0	-7	NAN	
4,001	0,0015	-7	NAN	
4,101	0	-7	NAN	
4,201	0	-7	NAN	
4,301	0,0015	-7	NAN	
4,401	-0,0075	-8	NAN	
4,501	-0,0135	-9	NAN	
4,601	-0,0345	-13	NAN	
4,701	-0,0525	-17,5	NAN	
4,801	-0,06	-20,5	NAN	
4,901	-0,078	-25,5	NAN	
5,001	-0,096	-31,5	NAN	
5,101	-0,105	-35,5	NAN	
5,201	-0,123	-40,5	NAN	
5,301	-0,1455	-48	NAN	
5,401	-0,1635	-55,5	NAN	
5,501	-0,186	-64,5	NAN	
5,601	-0,2055	-72	NAN	
5,701	-0,2235	-81	NAN	
5,801	-0,2355	-86,5	NAN	
5,901	-0,249	-93	NAN	
6,001	-0,2595	-97,5	NAN	
6,101	-0,27	-101,5	NAN	
6,201	-0,2745	-104,5	NAN	
6,301	-0,282	-108,5	NAN	
6,401	-0,291	-112	NAN	
6,501	-0,306	-118	NAN	
6,601	-0,3165	-124	NAN	
6,701	-0,3315	-129,5	NAN	
6,801	-0,3465	-136	NAN	
6,901	-0,3585	-142,5	NAN	
7,001	-0,3825	-152	NAN	
7,101	-0,3975	-160,5	NAN	
7,201	-0,411	-166,5	NAN	
7,301	-0,417	-170	NAN	
7,401	-0,4275	-173,5	NAN	
7,501	-0,4365	-178,5	NAN	
7,601	-0,444	-182,5	NAN	
7,701	-0,45	-186,5	NAN	
7,801	-0,462	-190,5	NAN	
7,901	-0,4755	-196,5	NAN	
8,001	-0,4815	-200	NAN	
8,101	-0,495	-204,5	NAN	
8,201	-0,5055	-210	NAN	
8,301	-0,522	-216	NAN	
8,401	-0,5235	-220	NAN	
8,501	-0,5235	-221	NAN	
8,601	-0,5235	-221,5	NAN	
8,701	-0,5295	-223,5	NAN	
8,801	-0,537	-225	NAN	
8,901	-0,543	-228	NAN	
9,001	-0,5505	-232	NAN	
9,101	-0,555	-234	NAN	
9,201	-0,5535	-234,5	NAN	
9,301	-0,555	-234,5	NAN	
9,401	-0,5805	-241	NAN	
9,501	-0,633	-263,5	NAN	
9,601	-0,654	-275	NAN	
9,701	-0,6645	-280,5	NAN	
9,801	-0,6675	-284	NAN	
9,901	-0,669	-285	NAN	
10,001	-0,6705	-285	NAN	
10,101	-0,675	-286,5	NAN	
10,201	-0,6855	-290	NAN	
10,301	-0,693	-293	NAN	
10,401	-0,7005	-298	NAN	
10,501	-0,711	-301,5	NAN	
10,601	-0,714	-303,5	NAN	
10,701	-0,7185	-305	NAN	
10,801	-0,7275	-308,5	NAN	
10,901	-0,7335	-311,5	NAN	
11,001	-0,7425	-315	NAN	
11,101	-0,75	-318	NAN	
11,201	-0,7605	-322	NAN	
11,301	-0,768	-326,5	NAN	
11,401	-0,771	-327,5	NAN	
11,501	-0,78	-330,5	NAN	
11,601	-0,789	-333,5	NAN	
11,701	-0,795	-336,5	NAN	
11,801	-0,7995	-338,5	NAN	
11,901	-0,8025	-340,5	NAN	
12,001	-0,81	-342,5	NAN	
12,101	-0,819	-346,5	NAN	
12,201	-0,8235	-348	NAN	
12,301	-0,84	-354	NAN	
12,401	-0,8445	-357	NAN	
12,501	-0,8475	-358	NAN	
12,601	-0,8475	-359	NAN	
12,701	-0,8535	-360,5	NAN	
12,801	-0,8565	-362	NAN	
12,901	-0,858	-363,5	NAN	
13,001	-0,864	-365	NAN	
13,101	-0,8775	-369,5	NAN	
13,201	-0,8865	-373	NAN	
13,301	-0,8985	-377,5	NAN	
13,401	-0,9105	-382	NAN	
13,501	-0,924	-387	NAN	
13,601	-0,933	-390,5	NAN	
13,701	-0,942	-394,5	NAN	
13,801	-0,9525	-398	NAN	
13,901	-0,9645	-402,5	NAN	
14,001	-0,9765	-407	NAN	
14,101	-0,9855	-411	NAN	
14,201	-0,9885	-413	NAN	
14,301	-0,9885	-413,5	NAN	
14,401	-0,99	-414,5	NAN	
14,501	-0,9915	-414	NAN	
14,601	-0,993	-414,5	NAN	
14,701	-0,9945	-415,5	NAN	
14,801	-1,0065	-418,5	NAN	
14,901	-1,017	-422	NAN	
15,001	-1,026	-426	NAN	
15,101	-1,041	-431,5	NAN	
15,201	-1,0575	-436,5	NAN	
15,301	-1,068	-440,5	NAN	
15,401	-1,08	-445	NAN	
15,501	-1,0905	-449,5	NAN	
15,601	-1,0995	-452	NAN	
15,701	-1,1085	-456	NAN	
15,801	-1,1205	-459,5	NAN	
15,901	-1,125	-462,5	NAN	
16,001	-1,1325	-465	NAN	
16,101	-1,1445	-468	NAN	
16,201	-1,14	-468,5	NAN	
16,301	-1,1415	-469	NAN	
16,401	-1,152	-471	NAN	
16,501	-1,167	-475	NAN	
16,601	-1,17	-478	NAN	
16,701	-1,1715	-479	NAN	
16,801	-1,1955	-485	NAN	
16,901	-1,23	-495	NAN	
17,001	-1,2405	-500,5	NAN	
17,101	-1,2405	-502	NAN	
17,201	-1,2375	-503	NAN	
17,301	-1,239	-503	NAN	
17,401	-1,251	-505	NAN	
17,501	-1,2765	-511,5	NAN	
17,601	-1,2795	-514,5	NAN	
17,701	-1,29	-517,5	NAN	
17,801	-1,3065	-523	NAN	
17,901	-1,3185	-527	NAN	
18,001	-1,3305	-531	NAN	
18,101	-1,3425	-535	NAN	
18,201	-1,3515	-538	NAN	
18,301	-1,362	-542	NAN	
18,401	-1,3785	-546,5	NAN	
18,501	-1,386	-549,5	NAN	
18,601	-1,3965	-552,5	NAN	
18,701	-1,4115	-556,5	NAN	
18,801	-1,4175	-559,5	NAN	
18,901	-1,422	-561,5	NAN	
19,001	-1,428	-564	NAN	
19,101	-1,434	-566	NAN	
19,201	-1,4475	-569,5	NAN	
19,301	-1,4595	-573	NAN	
19,401	-1,467	-576	NAN	
19,501	-1,476	-579	NAN	
19,601	-1,482	-580,5	NAN	
19,701	-1,4865	-582,5	NAN	
19,801	-1,4895	-584	NAN	
19,901	-1,491	-584,5	NAN	
20,001	-1,491	-585	NAN	
20,101	-1,494	-585	NAN	
20,201	-1,497	-586,5	NAN	
20,301	-1,5	-587,5	NAN	
20,401	-1,5015	-588,5	NAN	
20,501	-1,5045	-589	NAN	
20,601	-1,5075	-589,5	NAN	
20,701	-1,5135	-591	NAN	
20,801	-1,5195	-593	NAN	
20,901	-1,53	-596	NAN	
21,001	-1,5405	-598,5	NAN	
21,101	-1,5525	-602	NAN	
21,201	-1,5615	-605,5	NAN	
21,301	-1,575	-609,5	NAN	
21,401	-1,5795	-611,5	NAN	
21,501	-1,596	-615,5	NAN	
21,601	-1,6095	-620	NAN	
21,701	-1,6185	-623	NAN	
21,801	-1,6305	-626	NAN	
21,901	-1,638	-629	NAN	
22,001	-1,656	-633,5	NAN	
22,101	-1,662	-636,5	NAN	
22,201	-1,659	-637	NAN	
22,301	-1,6605	-637,5	NAN	
22,401	-1,6605	-637,5	NAN	
22,501	-1,6665	-638,5	NAN	
22,601	-1,683	-642,5	NAN	
22,701	-1,695	-645,5	NAN	
22,801	-1,7295	-654	NAN	
22,901	-1,7625	-662,5	NAN	
23,001	-1,785	-670	NAN	
23,101	-1,8015	-676	NAN	
23,201	-1,8075	-679	NAN	
23,301	-1,827	-683,5	NAN	
23,401	-1,851	-689,5	NAN	
23,501	-1,872	-695,5	NAN	
23,601	-1,884	-700	NAN	
23,701	-1,902	-705	NAN	
23,801	-1,917	-709	NAN	
23,901	-1,926	-712,5	NAN	
24,001	-1,9365	-715,5	NAN	
24,101	-1,95	-719	NAN	
24,201	-1,962	-722,5	NAN	
24,301	-1,971	-725,5	NAN	
24,401	-1,9845	-728,5	NAN	
24,501	-2,001	-733	NAN	
24,601	-2,004	-735	NAN	
24,701	-2,01	-737	NAN	
24,801	-2,019	-739,5	NAN	
24,901	-2,037	-742,5	NAN	
25,001	-2,04	-745	NAN	
25,101	-2,0475	-746,5	NAN	
25,201	-2,0535	-748,5	NAN	
25,301	-2,0625	-750,5	NAN	
25,401	-2,076	-753,5	NAN	
25,501	-2,091	-757	NAN	
25,601	-2,097	-760	NAN	
25,701	-2,106	-762	NAN	
25,801	-2,124	-766	NAN	
25,901	-2,1375	-769	NAN	
26,001	-2,142	-772	NAN	
26,101	-2,148	-773,5	NAN	
26,201	-2,151	-774,5	NAN	
26,301	-2,148	-774,5	NAN	
26,401	-2,1495	-775	NAN	
26,501	-2,1525	-775	NAN	
26,601	-2,1825	-780	NAN	
26,701	-2,2125	-787	NAN	
26,801	-2,241	-794	NAN	
26,901	-2,259	-799,5	NAN	
27,001	-2,277	-804,5	NAN	
27,101	-2,2965	-809	NAN	
27,201	-2,3205	-814	NAN	
27,301	-2,3325	-818	NAN	
27,401	-2,346	-822	NAN	
27,501	-2,3655	-825,5	NAN	
27,601	-2,385	-830	NAN	
27,701	-2,403	-834,5	NAN	
27,801	-2,4225	-838,5	NAN	
27,901	-2,424	-840,5	NAN	
28,001	-2,4255	-841,5	NAN	
28,101	-2,4315	-842,5	NAN	
28,201	-2,43	-843,5	NAN	
28,301	-2,436	-844	NAN	
28,401	-2,448	-846	NAN	
28,501	-2,463	-849	NAN	
28,601	-2,4855	-853	NAN	
28,701	-2,481	-854,5	NAN	
28,801	-2,4825	-854,5	NAN	
28,901	-2,4825	-855	NAN	
29,001	-2,481	-855	NAN	
29,101	-2,4885	-855,5	NAN	
29,201	-2,5035	-858	NAN	
29,301	-2,52	-861,5	NAN	
29,401	-2,541	-865,5	NAN	
29,501	-2,5545	-868,5	NAN	
29,601	-2,577	-873	NAN	
29,701	-2,5875	-876	NAN	
29,801	-2,6025	-878,5	NAN	
29,901	-2,6205	-882,5	NAN	
30,001	-2,637	-885,5	NAN	
30,101	-2,658	-889,5	NAN	
30,201	-2,676	-893,5	NAN	
30,301	-2,6865	-896	NAN	
30,401	-2,7105	-900,5	NAN	
30,501	-2,721	-903	NAN	
30,601	-2,7345	-906	NAN	
30,701	-2,751	-909	NAN	
30,801	-2,757	-910,5	NAN	
30,901	-2,772	-913	NAN	
31,001	-2,7825	-915	NAN	
31,101	-2,805	-918,5	NAN	
31,201	-2,835	-923,5	NAN	
31,301	-2,8485	-926,5	NAN	
31,401	-2,856	-928	NAN	
31,501	-2,871	-931	NAN	
31,601	-2,889	-934	NAN	
31,701	-2,901	-936,5	NAN	
31,801	-2,904	-937,5	NAN	
31,901	-2,9265	-940	NAN	
32,001	-2,9355	-942,5	NAN	
32,101	-2,9475	-944	NAN	
32,201	-2,9595	-946	NAN	
32,301	-2,9685	-948,5	NAN	
32,401	-2,9865	-950	NAN	
32,501	-3,0015	-954	NAN	
32,601	-3,018	-955,5	NAN	
32,701	-3,0225	-958	NAN	
32,801	-3,0255	-957	NAN	
32,901	-3,0255	-958,5	NAN	
33,001	-3,033	-959	NAN	
33,101	-3,036	-958,5	NAN	
33,201	-3,039	-959,5	NAN	
33,301	-3,048	-960	NAN	
33,401	-3,051	-962,5	NAN	
33,501	-3,0585	-962	NAN	
33,601	-3,0645	-963	NAN	
33,701	-3,0645	-966	NAN	
33,801	-3,0645	-965	NAN	
33,901	-3,0645	-966	NAN	
34,001	-3,066	-967,5	NAN	
34,101	-3,066	-970	NAN	
34,201	-3,0645	-969,5	NAN	
34,301	-3,066	-972,5	NAN	
34,401	-3,066	-974	NAN	
34,501	-3,0675	-973	NAN	
34,601	-3,0645	-976	NAN	
34,701	-3,0645	-975,5	NAN	
34,801	-3,0645	-977	NAN	
34,901	-3,066	-977,5	NAN	
35,001	-3,0645	-978,5	NAN	
35,101	-3,066	-979	NAN	
35,201	-3,0645	-974,5	NAN	
35,301	-2,982	-965,5	NAN	
35,401	-2,9295	-959	NAN	
35,501	-2,8965	-955,5	NAN	
35,601	-2,8725	-953,5	NAN	
35,701	-2,8485	-950	NAN	
35,801	-2,8425	-949,5	NAN	
35,901	-2,8395	-948	NAN	
36,001	-2,835	-949	NAN	
36,101	-2,811	-946,5	NAN	
36,201	-2,7975	-944	NAN	
36,301	-2,7795	-942,5	NAN	
36,401	-2,763	-940	NAN	
36,501	-2,7525	-937	NAN	
36,601	-2,742	-936,5	NAN	
36,701	-2,7285	-936	NAN	
36,801	-2,7195	-934	NAN	
36,901	-2,709	-932,5	NAN	
37,001	-2,6985	-931,5	NAN	
37,101	-2,6895	-930	NAN	
37,201	-2,6835	-929	NAN	
37,301	-2,679	-928	NAN	
37,401	-2,667	-927	NAN	
37,501	-2,64	-924	NAN	
37,601	-2,628	-921,5	NAN	
37,701	-2,6175	-920	NAN	
37,801	-2,6085	-918	NAN	
37,901	-2,5995	-917	NAN	
38,001	-2,595	-916	NAN	
38,101	-2,5905	-915,5	NAN	
38,201	-2,583	-914,5	NAN	
38,301	-2,568	-913	NAN	
38,401	-2,5545	-910	NAN	
38,501	-2,5455	-909	NAN	
38,601	-2,541	-908	NAN	
38,701	-2,5455	-908	NAN	
38,801	-2,5455	-908	NAN	
38,901	-2,544	-907,5	NAN	
39,001	-2,544	-908	NAN	
39,101	-2,541	-908	NAN	
39,201	-2,5395	-907,5	NAN	
39,301	-2,5395	-907	NAN	
39,401	-2,532	-906	NAN	
39,501	-2,5125	-904	NAN	
39,601	-2,487	-900	NAN	
39,701	-2,472	-897,5	NAN	
39,801	-2,457	-894,5	NAN	
39,901	-2,4285	-890	NAN	
40,001	-2,3985	-884,5	NAN	
40,101	-2,388	-881,5	NAN	
40,201	-2,388	-881	NAN	
40,301	-2,373	-879	NAN	
40,401	-2,364	-877,5	NAN	
40,501	-2,358	-876	NAN	
40,601	-2,352	-874,5	NAN	
40,701	-2,3505	-873,5	NAN	
40,801	-2,3385	-872,5	NAN	
40,901	-2,3235	-869,5	NAN	
41,001	-2,3145	-867	NAN	
41,101	-2,301	-865	NAN	
41,201	-2,2875	-862,5	NAN	
41,301	-2,28	-861	NAN	
41,401	-2,2725	-859	NAN	
41,501	-2,2575	-856,5	NAN	
41,601	-2,2485	-854,5	NAN	
41,701	-2,2455	-853,5	NAN	
41,801	-2,238	-852	NAN	
41,901	-2,229	-850	NAN	
42,001	-2,2275	-848,5	NAN	
42,101	-2,2155	-847	NAN	
42,201	-2,202	-845	NAN	
42,301	-2,196	-843	NAN	
42,401	-2,181	-840,5	NAN	
42,501	-2,1735	-838	NAN	
42,601	-2,163	-836	NAN	
42,701	-2,154	-834	NAN	
42,801	-2,1315	-830	NAN	
42,901	-2,1105	-826	NAN	
43,001	-2,103	-822,5	NAN	
43,101	-2,0895	-820	NAN	
43,201	-2,0715	-816	NAN	
43,301	-2,0655	-813,5	NAN	
43,401	-2,0535	-811,5	NAN	
43,501	-2,0355	-807,5	NAN	
43,601	-2,0295	-805	NAN	
43,701	-2,0265	-803,5	NAN	
43,801	-2,016	-801,5	NAN	
43,901	-2,0085	-799,5	NAN	
44,001	-2,0055	-799	NAN	
44,101	-2,0025	-798	NAN	
44,201	-2,004	-797,5	NAN	
44,301	-2,0025	-797,5	NAN	
44,401	-2,004	-797,5	NAN	
44,501	-2,004	-797,5	NAN	
44,601	-2,0055	-798	NAN	
44,701	-2,0025	-797,5	NAN	
44,801	-1,9995	-797,5	NAN	
44,901	-1,9935	-796	NAN	
45,001	-1,9845	-794	NAN	
45,101	-1,9725	-791,5	NAN	
45,201	-1,9665	-790	NAN	
45,301	-1,947	-786	NAN	
45,401	-1,9305	-781	NAN	
45,501	-1,926	-779	NAN	
45,601	-1,917	-777,5	NAN	
45,701	-1,905	-774,5	NAN	
45,801	-1,89	-771	NAN	
45,901	-1,8765	-768	NAN	
46,001	-1,863	-764,5	NAN	
46,101	-1,851	-760,5	NAN	
46,201	-1,842	-758	NAN	
46,301	-1,8315	-755,5	NAN	
46,401	-1,8225	-753	NAN	
46,501	-1,8105	-750,5	NAN	
46,601	-1,803	-748	NAN	
46,701	-1,7985	-746	NAN	
46,801	-1,7955	-745	NAN	
46,901	-1,7835	-742,5	NAN	
47,001	-1,767	-739	NAN	
47,101	-1,761	-736	NAN	
47,201	-1,752	-734	NAN	
47,301	-1,7475	-732,5	NAN	
47,401	-1,74	-730,5	NAN	
47,501	-1,7295	-728	NAN	
47,601	-1,7175	-724	NAN	
47,701	-1,7085	-722,5	NAN	
47,801	-1,7055	-720,5	NAN	
47,901	-1,6965	-718	NAN	
48,001	-1,6875	-716	NAN	
48,101	-1,6815	-714	NAN	
48,201	-1,677	-712,5	NAN	
48,301	-1,6785	-712	NAN	
48,401	-1,677	-711,5	NAN	
48,501	-1,677	-712	NAN	
48,601	-1,668	-710,5	NAN	
48,701	-1,644	-705,5	NAN	
48,801	-1,6455	-703,5	NAN	
48,901	-1,6455	-703	NAN	
49,001	-1,644	-702,5	NAN	
49,101	-1,641	-702	NAN	
49,201	-1,632	-700,5	NAN	
49,301	-1,6245	-698	NAN	
49,401	-1,6155	-696	NAN	
49,501	-1,6065	-693,5	NAN	
49,601	-1,593	-689,5	NAN	
49,701	-1,578	-685	NAN	
49,801	-1,5735	-683	NAN	
49,901	-1,572	-682	NAN	
50,001	-1,569	-681	NAN	
50,101	-1,5525	-677,5	NAN	
50,201	-1,5465	-675	NAN	
50,301	-1,542	-674	NAN	
50,401	-1,536	-671,5	NAN	
50,501	-1,521	-668,5	NAN	
50,601	-1,506	-664,5	NAN	
50,701	-1,497	-661	NAN	
50,801	-1,494	-659,5	NAN	
50,901	-1,494	-658,5	NAN	
51,001	-1,494	-658,5	NAN	
51,101	-1,4955	-658,5	NAN	
51,201	-1,494	-658,5	NAN	
51,301	-1,488	-658	NAN	
51,401	-1,488	-657,5	NAN	
51,501	-1,485	-656,5	NAN	
51,601	-1,4685	-653	NAN	
51,701	-1,4655	-650,5	NAN	
51,801	-1,4565	-649	NAN	
51,901	-1,4445	-646	NAN	
52,001	-1,4415	-643,5	NAN	
52,101	-1,4325	-642	NAN	
52,201	-1,4265	-639,5	NAN	
52,301	-1,419	-637	NAN	
52,401	-1,413	-635	NAN	
52,501	-1,4055	-633,5	NAN	
52,601	-1,404	-631,5	NAN	
52,701	-1,401	-630,5	NAN	
52,801	-1,398	-630	NAN	
52,901	-1,395	-629	NAN	
53,001	-1,392	-628	NAN	
53,101	-1,392	-627,5	NAN	
53,201	-1,392	-627,5	NAN	
53,301	-1,389	-627	NAN	
53,401	-1,389	-627	NAN	
53,501	-1,3905	-626,5	NAN	
53,601	-1,3875	-626	NAN	
53,701	-1,3845	-626	NAN	
53,801	-1,38	-624,5	NAN	
53,901	-1,3755	-623	NAN	
54,001	-1,371	-621,5	NAN	
54,101	-1,368	-621	NAN	
54,201	-1,3665	-620,5	NAN	
54,301	-1,3575	-618	NAN	
54,401	-1,3455	-615	NAN	
54,501	-1,338	-612	NAN	
54,601	-1,329	-610	NAN	
54,701	-1,32	-607	NAN	
54,801	-1,3125	-604,5	NAN	
54,901	-1,296	-600	NAN	
55,001	-1,2795	-595	NAN	
55,101	-1,2765	-593	NAN	
55,201	-1,2765	-591,5	NAN	
55,301	-1,2735	-591	NAN	
55,401	-1,2735	-590,5	NAN	
55,501	-1,2675	-590	NAN	
55,601	-1,266	-588,5	NAN	
55,701	-1,2645	-588	NAN	
55,801	-1,26	-587	NAN	
55,901	-1,257	-585,5	NAN	
56,001	-1,2495	-584	NAN	
56,101	-1,2465	-582,5	NAN	
56,201	-1,2435	-581	NAN	
56,301	-1,2255	-577	NAN	
56,401	-1,2225	-575,5	NAN	
56,501	-1,2225	-574,5	NAN	
56,601	-1,224	-574	NAN	
56,701	-1,2165	-573	NAN	
56,801	-1,215	-571,5	NAN	
56,901	-1,2135	-571	NAN	
57,001	-1,2135	-571	NAN	
57,101	-1,2135	-571	NAN	
57,201	-1,212	-571	NAN	
57,301	-1,2135	-571	NAN	
57,401	-1,212	-571	NAN	
57,501	-1,2135	-571	NAN	
57,601	-1,206	-570	NAN	
57,701	-1,197	-567	NAN	
57,801	-1,1865	-564	NAN	
57,901	-1,179	-561,5	NAN	
58,001	-1,1565	-556	NAN	
58,101	-1,1325	-549,5	NAN	
58,201	-1,119	-543	NAN	
58,301	-1,116	-540,5	NAN	
58,401	-1,1085	-538,5	NAN	
58,501	-1,104	-536,5	NAN	
58,601	-1,1025	-535,5	NAN	
58,701	-1,101	-534,5	NAN	
58,801	-1,092	-532	NAN	
58,901	-1,086	-530	NAN	
59,001	-1,0755	-527	NAN	
59,101	-1,0605	-523	NAN	
59,201	-1,053	-520,5	NAN	
59,301	-1,038	-515	NAN	
59,401	-1,0365	-512,5	NAN	
59,501	-1,026	-510	NAN	
59,601	-1,014	-506,5	NAN	
59,701	-1,002	-503	NAN	
59,801	-0,993	-499,5	NAN	
59,901	-0,9885	-497	NAN	
60,001	-0,984	-495	NAN	
60,101	-0,975	-492	NAN	
60,201	-0,9675	-489,5	NAN	
60,301	-0,966	-488	NAN	
60,401	-0,963	-487	NAN	
60,501	-0,9585	-485,5	NAN	
60,601	-0,957	-485	NAN	
60,701	-0,9435	-482,5	NAN	
60,801	-0,9375	-479	NAN	
60,901	-0,9285	-477	NAN	
61,001	-0,927	-475,5	NAN	
61,101	-0,9135	-471,5	NAN	
61,201	-0,903	-467,5	NAN	
61,301	-0,897	-464,5	NAN	
61,401	-0,876	-459	NAN	
61,501	-0,8535	-451,5	NAN	
61,601	-0,846	-447	NAN	
61,701	-0,846	-445	NAN	
61,801	-0,843	-444	NAN	
61,901	-0,8355	-442,5	NAN	
62,001	-0,822	-438,5	NAN	
62,101	-0,8145	-435	NAN	
62,201	-0,8115	-433	NAN	
62,301	-0,8055	-430,5	NAN	
62,401	-0,795	-428	NAN	
62,501	-0,792	-425,5	NAN	
62,601	-0,7845	-423	NAN	
62,701	-0,7785	-420,5	NAN	
62,801	-0,7725	-419	NAN	
62,901	-0,768	-416,5	NAN	
63,001	-0,7545	-412,5	NAN	
63,101	-0,744	-408,5	NAN	
63,201	-0,729	-402,5	NAN	
63,301	-0,7275	-400,5	NAN	
63,401	-0,726	-400	NAN	
63,501	-0,726	-399,5	NAN	
63,601	-0,7245	-399	NAN	
63,701	-0,7125	-396,5	NAN	
63,801	-0,7035	-392,5	NAN	
63,901	-0,69	-388	NAN	
64,001	-0,687	-385,5	NAN	
64,101	-0,6885	-384,5	NAN	
64,201	-0,6855	-384	NAN	
64,301	-0,684	-383	NAN	
64,401	-0,6765	-381	NAN	
64,501	-0,666	-377,5	NAN	
64,601	-0,654	-373	NAN	
64,701	-0,648	-370	NAN	
64,801	-0,6405	-366,5	NAN	
64,901	-0,6375	-365	NAN	
65,001	-0,6345	-363,5	NAN	
65,101	-0,63	-361,5	NAN	
65,201	-0,618	-358,5	NAN	
65,301	-0,6135	-356	NAN	
65,401	-0,609	-353	NAN	
65,501	-0,597	-349,5	NAN	
65,601	-0,5835	-344,5	NAN	
65,701	-0,5745	-340	NAN	
65,801	-0,57	-337,5	NAN	
65,901	-0,5685	-336	NAN	
66,001	-0,5685	-336	NAN	
66,101	-0,567	-335	NAN	
66,201	-0,5565	-331,5	NAN	
66,301	-0,5505	-329	NAN	
66,401	-0,5475	-327,5	NAN	
66,501	-0,528	-320,5	NAN	
66,601	-0,519	-316	NAN	
66,701	-0,5145	-313	NAN	
66,801	-0,5085	-311,5	NAN	
66,901	-0,504	-309,5	NAN	
67,001	-0,495	-305,5	NAN	
67,101	-0,4755	-297	NAN	
67,201	-0,4695	-294	NAN	
67,301	-0,4605	-289	NAN	
67,401	-0,459	-287,5	NAN	
67,501	-0,4485	-285	NAN	
67,601	-0,441	-281	NAN	
67,701	-0,426	-274,5	NAN	
67,801	-0,405	-266,5	NAN	
67,901	-0,3945	-262	NAN	
68,001	-0,396	-258,5	NAN	
68,101	-0,3945	-258,5	NAN	
68,201	-0,387	-255,5	NAN	
68,301	-0,3825	-253	NAN	
68,401	-0,372	-250	NAN	
68,501	-0,372	-248	NAN	
68,601	-0,369	-247	NAN	
68,701	-0,366	-245,5	NAN	
68,801	-0,369	-245	NAN	
68,901	-0,3675	-245	NAN	
69,001	-0,369	-244,5	NAN	
69,101	-0,3615	-244	NAN	
69,201	-0,3555	-241	NAN	
69,301	-0,3435	-236,5	NAN	
69,401	-0,3345	-232	NAN	
69,501	-0,3195	-226	NAN	
69,601	-0,3075	-219	NAN	
69,701	-0,2865	-210	NAN	
69,801	-0,276	-205	NAN	
69,901	-0,2745	-201,5	NAN	
70,001	-0,2715	-200,5	NAN	
70,101	-0,27	-199,5	NAN	
70,201	-0,2655	-197	NAN	
70,301	-0,2535	-192	NAN	
70,401	-0,2445	-188,5	NAN	
70,501	-0,2355	-184	NAN	
70,601	-0,2295	-181	NAN	
70,701	-0,228	-179,5	NAN	
70,801	-0,225	-178	NAN	
70,901	-0,2145	-174,5	NAN	
71,001	-0,21	-171	NAN	
71,101	-0,1935	-165	NAN	
71,201	-0,186	-160,5	NAN	
71,301	-0,1845	-158	NAN	
71,401	-0,1845	-157	NAN	
71,501	-0,18	-156,5	NAN	
71,601	-0,1815	-155,5	NAN	
71,701	-0,1815	-155	NAN	
71,801	-0,1815	-154,5	NAN	
71,901	-0,1785	-154	NAN	
72,001	-0,159	-148,5	NAN	
72,101	-0,147	-142	NAN	
72,201	-0,144	-139	NAN	
72,301	-0,141	-137	NAN	
72,401	-0,1365	-134	NAN	
72,501	-0,123	-129	NAN	
72,601	-0,12	-126,5	NAN	
72,701	-0,1005	-120,5	NAN	
72,801	-0,093	-115	NAN	
72,901	-0,0795	-109	NAN	
73,001	-0,0765	-106	NAN	
73,101	-0,072	-104	NAN	
73,201	-0,057	-99	NAN	
73,301	-0,0465	-94	NAN	
73,401	-0,0315	-85,5	NAN	
73,501	-0,0075	-76	NAN	
73,601	0	-70	NAN	
73,701	0	-68	NAN	
73,801	0	-67	NAN	
73,901	0,0015	-66,5	NAN	
74,001	0	-66	NAN	
74,101	-0,0015	-66	NAN	
74,201	0,0015	-66	NAN	
74,301	0	-65,5	NAN	
74,401	0	-65,5	NAN	
74,501	0,0015	-65,5	NAN	
74,601	0	-65,5	NAN	
74,701	0	-65	NAN	
74,801	0,0015	-65	NAN	
74,901	-0,0015	-65,5	NAN	
75,001	0	-65	NAN	
75,101	0	-65,5	NAN	
75,201	0	-65	NAN	
75,301	0,0015	-65,5	NAN	
75,401	0	-65	NAN	
75,501	0	-65	NAN	
75,601	0	-65	NAN	
75,701	-0,0015	-65	NAN	
75,801	0,0015	-65	NAN	
75,901	0	-65	NAN	
76,001	0,003	-65,5	NAN	
76,101	0	-65	NAN	
76,201	0	-65	NAN	
76,301	0	-64,5	NAN	
76,401	-0,0015	-65	NAN	
76,501	0,0015	-65	NAN	
76,601	0	-65	NAN	
76,701	-0,0015	-65	NAN	
76,801	0,0015	-65	NAN	
76,901	-0,0015	-65	NAN	
77,001	0,0015	-65,5	NAN	
77,101	0	-65	NAN	
77,201	0,0015	-65	NAN	
77,301	-0,0015	-65	NAN	
77,401	0,0015	-65	NAN	
77,501	0	-65	NAN	
77,601	-0,0015	-65	NAN	
77,701	0	-65	NAN	
77,801	0	-65,5	NAN	
77,901	-0,0015	-65	NAN	
78,001	0	-65	NAN	
78,101	0	-65	NAN	
78,201	0,0015	-65	NAN	
78,301	0,0015	-65	NAN	
78,401	0	-65	NAN	
78,501	0	-65	NAN	
78,601	-0,0015	-65	NAN	
78,701	-0,003	-65	NAN	
78,801	0	-65	NAN	
78,901	0	-65	NAN	
79,001	0	-65	NAN	
79,101	-0,0015	-65,5	NAN	
79,201	0,0015	-65	NAN	
79,301	0	-65	NAN	
79,401	0	-65	NAN	
79,501	0	-65	NAN	
79,601	0	-65	NAN	
79,701	-0,0015	-65	NAN	
79,801	0,0015	-65	NAN	
79,901	0,0015	-65	NAN	
80,001	0	-65	NAN	
80,101	-0,0015	-65	NAN	
80,201	0	-65,5	NAN	
80,301	0	-65,5	NAN	
80,401	0,0015	-64,5	NAN	
80,501	0	-65	NAN	
80,601	0,0015	-65	NAN	
80,701	0,0015	-65	NAN	
80,801	0	-65	NAN	
80,901	0	-65	NAN	
81,001	0	-65	NAN	
81,101	0,0015	-65	NAN	
81,201	0	-65	NAN	
81,301	0	-65	NAN	
81,401	0	-65,5	NAN	
81,501	0,0195	-62	NAN	
81,601	0,0285	-56,5	NAN	
81,701	0,03	-53,5	NAN	
81,801	0,03	-52,5	NAN	
81,901	0,033	-51,5	NAN	
82,001	0,036	-51	NAN	
82,101	0,0375	-50	NAN	
82,201	0,045	-47,5	NAN	
82,301	0,0495	-44,5	NAN	
82,401	0,054	-42,5	NAN	
82,501	0,054	-41,5	NAN	
82,601	0,0615	-39	NAN	
82,701	0,0705	-34,5	NAN	
82,801	0,075	-32,5	NAN	
82,901	0,078	-30,5	NAN	
83,001	0,081	-29,5	NAN	
83,101	0,0825	-28,5	NAN	
83,201	0,0915	-24,5	NAN	
83,301	0,096	-22	NAN	
83,401	0,0975	-20,5	NAN	
83,501	0,1005	-19	NAN	
83,601	0,1065	-17	NAN	
83,701	0,111	-14,5	NAN	
83,801	0,111	-13	NAN	
83,901	0,1065	-13,5	NAN	
84,001	0,108	-14	NAN	
84,101	0,1095	-13,5	NAN	
84,201	0,1065	-13,5	NAN	
84,301	0,1185	-12	NAN	
84,401	0,1515	-0,5	NAN	
84,501	0,1785	12,5	NAN	
84,601	0,1875	20	NAN	
84,701	0,1905	22	NAN	
84,801	0,1905	24	NAN	
84,901	0,198	26,5	NAN	
85,001	0,222	34,5	NAN	
85,101	0,24	43,5	NAN	
85,201	0,2535	50	NAN	
85,301	0,2655	55,5	NAN	
85,401	0,2745	61	NAN	
85,501	0,279	64	NAN	
85,601	0,282	66,5	NAN	
85,701	0,285	68,5	NAN	
85,801	0,2985	72	NAN	
85,901	0,3015	76	NAN	
86,001	0,3075	78,5	NAN	
86,101	0,3165	82,5	NAN	
86,201	0,3315	88,5	NAN	
86,301	0,3435	93	NAN	
86,401	0,3525	98	NAN	
86,501	0,36	102	NAN	
86,601	0,3705	107	NAN	
86,701	0,3765	110	NAN	
86,801	0,3825	113	NAN	
86,901	0,387	115,5	NAN	
87,001	0,396	120	NAN	
87,101	0,402	122,5	NAN	
87,201	0,4095	126	NAN	
87,301	0,4155	129	NAN	
87,401	0,423	132,5	NAN	
87,501	0,432	136	NAN	
87,601	0,435	138,5	NAN	
87,701	0,441	141	NAN	
87,801	0,4455	144	NAN	
87,901	0,4545	147	NAN	
88,001	0,4545	148,5	NAN	
88,101	0,4575	149,5	NAN	
88,201	0,4725	154	NAN	
88,301	0,483	159	NAN	
88,401	0,4875	163	NAN	
88,501	0,489	164,5	NAN	
88,601	0,495	166,5	NAN	
88,701	0,504	170	NAN	
88,801	0,5115	173	NAN	
88,901	0,516	175,5	NAN	
89,001	0,525	180	NAN	
89,101	0,534	184	NAN	
89,201	0,54	186,5	NAN	
89,301	0,5475	189,5	NAN	
89,401	0,5505	192	NAN	
89,501	0,549	192,5	NAN	
89,601	0,549	193	NAN	
89,701	0,549	193,5	NAN	
89,801	0,552	194,5	NAN	
89,901	0,555	195,5	NAN	
90,001	0,5655	198,5	NAN	
90,101	0,5895	206,5	NAN	
90,201	0,606	213,5	NAN	
90,301	0,624	221	NAN	
90,401	0,6405	228,5	NAN	
90,501	0,6585	236,5	NAN	
90,601	0,681	246	NAN	
90,701	0,69	251,5	NAN	
90,801	0,7095	259	NAN	
90,901	0,7335	269	NAN	
91,001	0,7365	274	NAN	
91,101	0,741	277	NAN	
91,201	0,744	279	NAN	
91,301	0,7515	281	NAN	
91,401	0,7665	286	NAN	
91,501	0,7695	289	NAN	
91,601	0,774	291,5	NAN	
91,701	0,7785	294	NAN	
91,801	0,792	298	NAN	
91,901	0,801	302,5	NAN	
92,001	0,8115	307	NAN	
92,101	0,8175	310	NAN	
92,201	0,828	313,5	NAN	
92,301	0,8355	318	NAN	
92,401	0,846	322	NAN	
92,501	0,849	324,5	NAN	
92,601	0,855	327	NAN	
92,701	0,8625	329,5	NAN	
92,801	0,87	333	NAN	
92,901	0,876	336	NAN	
93,001	0,8865	339	NAN	
93,101	0,8955	343,5	NAN	
93,201	0,9015	346	NAN	
93,301	0,9	347	NAN	
93,401	0,903	348,5	NAN	
93,501	0,9195	353,5	NAN	
93,601	0,9315	358,5	NAN	
93,701	0,9465	363,5	NAN	
93,801	0,96	369	NAN	
93,901	0,978	375,5	NAN	
94,001	0,9855	380,5	NAN	
94,101	0,9855	382,5	NAN	
94,201	0,9855	384	NAN	
94,301	0,9945	385	NAN	
94,401	0,999	387,5	NAN	
94,501	1,014	392	NAN	
94,601	1,032	398	NAN	
94,701	1,05	405	NAN	
94,801	1,062	411	NAN	
94,901	1,083	417	NAN	
95,001	1,0905	422	NAN	
95,101	1,0965	425,5	NAN	
95,201	1,101	428	NAN	
95,301	1,1055	430	NAN	
95,401	1,1055	431,5	NAN	
95,501	1,1055	432,5	NAN	
95,601	1,1085	433,5	NAN	
95,701	1,1175	435,5	NAN	
95,801	1,1295	439	NAN	
95,901	1,152	445,5	NAN	
96,001	1,155	449,5	NAN	
96,101	1,182	455	NAN	
96,201	1,185	460,5	NAN	
96,301	1,182	462	NAN	
96,401	1,1835	463	NAN	
96,501	1,185	463,5	NAN	
96,601	1,1835	463,5	NAN	
96,701	1,1865	464,5	NAN	
96,801	1,218	470	NAN	
96,901	1,248	480	NAN	
97,001	1,281	490,5	NAN	
97,101	1,2915	497,5	NAN	
97,201	1,3095	503	NAN	
97,301	1,329	510	NAN	
97,401	1,344	517	NAN	
97,501	1,3515	521,5	NAN	
97,601	1,353	523,5	NAN	
97,701	1,368	527	NAN	
97,801	1,389	533,5	NAN	
97,901	1,392	537,5	NAN	
98,001	1,401	540	NAN	
98,101	1,41	543,5	NAN	
98,201	1,416	546	NAN	
98,301	1,422	548	NAN	
98,401	1,44	552	NAN	
98,501	1,458	559	NAN	
98,601	1,4655	562	NAN	
98,701	1,4685	564	NAN	
98,801	1,473	565,5	NAN	
98,901	1,482	568,5	NAN	
99,001	1,4895	571,5	NAN	
99,101	1,4925	572,5	NAN	
99,201	1,497	574	NAN	
99,301	1,5	576	NAN	
99,401	1,5135	579	NAN	
99,501	1,524	582,5	NAN	
99,601	1,5375	586,5	NAN	
99,701	1,5525	591	NAN	
99,801	1,563	595	NAN	
99,901	1,569	597,5	NAN	
100,001	1,5765	600	NAN	
100,101	1,575	602	NAN	
100,201	1,578	602,5	NAN	
100,301	1,584	604	NAN	
100,401	1,5975	607	NAN	
100,501	1,6155	612	NAN	
100,601	1,6275	616	NAN	
100,701	1,632	618,5	NAN	
100,801	1,647	622,5	NAN	
100,901	1,659	626,5	NAN	
101,001	1,674	631	NAN	
101,101	1,683	634	NAN	
101,201	1,683	636	NAN	
101,301	1,6845	636,5	NAN	
101,401	1,689	638	NAN	
101,501	1,713	642,5	NAN	
101,601	1,7115	644,5	NAN	
101,701	1,7085	645	NAN	
101,801	1,7115	645,5	NAN	
101,901	1,7115	646	NAN	
102,001	1,7235	647,5	NAN	
102,101	1,77	657	NAN	
102,201	1,803	667	NAN	
102,301	1,8225	674	NAN	
102,401	1,845	681,5	NAN	
102,501	1,869	688,5	NAN	
102,601	1,896	696	NAN	
102,701	1,932	706	NAN	
102,801	1,953	713,5	NAN	
102,901	1,9665	718	NAN	
103,001	1,9815	723	NAN	
103,101	2,001	728,5	NAN	
103,201	2,019	733	NAN	
103,301	2,0355	738	NAN	
103,401	2,0475	742	NAN	
103,501	2,0655	747	NAN	
103,601	2,088	751,5	NAN	
103,701	2,0865	754,5	NAN	
103,801	2,088	755,5	NAN	
103,901	2,094	756,5	NAN	
104,001	2,106	759	NAN	
104,101	2,1195	762,5	NAN	
104,201	2,133	765,5	NAN	
104,301	2,145	769,5	NAN	
104,401	2,16	773	NAN	
104,501	2,178	777	NAN	
104,601	2,1885	780,5	NAN	
104,701	2,202	783,5	NAN	
104,801	2,205	785,5	NAN	
104,901	2,2035	786,5	NAN	
105,001	2,208	787,5	NAN	
105,101	2,214	788,5	NAN	
105,201	2,2305	791,5	NAN	
105,301	2,247	795	NAN	
105,401	2,2665	799,5	NAN	
105,501	2,283	804	NAN	
105,601	2,2905	807	NAN	
105,701	2,3055	810	NAN	
105,801	2,316	813	NAN	
105,901	2,3355	817	NAN	
106,001	2,349	820,5	NAN	
106,101	2,3505	822,5	NAN	
106,201	2,349	823	NAN	
106,301	2,352	823	NAN	
106,401	2,3505	823,5	NAN	
106,501	2,349	823	NAN	
106,601	2,352	823,5	NAN	
106,701	2,349	823,5	NAN	
106,801	2,352	823,5	NAN	
106,901	2,361	824,5	NAN	
107,001	2,3925	830	NAN	
107,101	2,4165	835,5	NAN	
107,201	2,424	839	NAN	
107,301	2,43	841	NAN	
107,401	2,4315	841,5	NAN	
107,501	2,4405	843,5	NAN	
107,601	2,472	848	NAN	
107,701	2,4765	851	NAN	
107,801	2,4915	854	NAN	
107,901	2,5125	858,5	NAN	
108,001	2,5365	863	NAN	
108,101	2,556	867	NAN	
108,201	2,58	872,5	NAN	
108,301	2,598	876,5	NAN	
108,401	2,6205	881	NAN	
108,501	2,64	885,5	NAN	
108,601	2,6655	890,5	NAN	
108,701	2,688	895	NAN	
108,801	2,694	897,5	NAN	
108,901	2,7045	900	NAN	
109,001	2,7165	902	NAN	
109,101	2,73	904	NAN	
109,201	2,7435	907	NAN	
109,301	2,7525	909	NAN	
109,401	2,769	912	NAN	
109,501	2,784	915	NAN	
109,601	2,7915	916,5	NAN	
109,701	2,7975	918	NAN	
109,801	2,799	918,5	NAN	
109,901	2,799	919	NAN	
110,001	2,8035	919,5	NAN	
110,101	2,811	920	NAN	
110,201	2,82	921,5	NAN	
110,301	2,8365	924	NAN	
110,401	2,841	926	NAN	
110,501	2,85	927	NAN	
110,601	2,853	928	NAN	
110,701	2,856	929	NAN	
110,801	2,8605	929,5	NAN	
110,901	2,8635	930,5	NAN	
111,001	2,874	931,5	NAN	
111,101	2,8785	932,5	NAN	
111,201	2,88	933,5	NAN	
111,301	2,883	934	NAN	
111,401	2,8875	934	NAN	
111,501	2,892	935,5	NAN	
111,601	2,889	935	NAN	
111,701	2,8875	935,5	NAN	
111,801	2,8905	935	NAN	
111,901	2,904	936	NAN	
112,001	2,9325	941,5	NAN	
112,101	2,9355	942	NAN	
112,201	2,946	944	NAN	
112,301	2,964	946,5	NAN	
112,401	2,9775	948,5	NAN	
112,501	2,9895	951	NAN	
112,601	3,006	953,5	NAN	
112,701	3,012	955,5	NAN	
112,801	3,0165	956	NAN	
112,901	3,0165	956	NAN	
113,001	2,994	955	NAN	
113,101	2,958	952,5	NAN	
113,201	2,934	949,5	NAN	
113,301	2,9205	949	NAN	
113,401	2,8935	946	NAN	
113,501	2,886	945,5	NAN	
113,601	2,8815	945	NAN	
113,701	2,88	944,5	NAN	
113,801	2,8785	944	NAN	
113,901	2,8755	944	NAN	
114,001	2,862	943	NAN	
114,101	2,841	941	NAN	
114,201	2,832	940	NAN	
114,301	2,8185	938,5	NAN	
114,401	2,8095	937	NAN	
114,501	2,7795	935	NAN	
114,601	2,757	932	NAN	
114,701	2,7315	929	NAN	
114,801	2,7285	928	NAN	
114,901	2,7285	927,5	NAN	
115,001	2,727	927,5	NAN	
115,101	2,724	927,5	NAN	
115,201	2,721	927	NAN	
115,301	2,7195	926,5	NAN	
115,401	2,7165	926,5	NAN	
115,501	2,7135	926	NAN	
115,601	2,709	925,5	NAN	
115,701	2,7075	925	NAN	
115,801	2,697	924	NAN	
115,901	2,697	924	NAN	
116,001	2,694	924	NAN	
116,101	2,6865	923	NAN	
116,201	2,6865	923	NAN	
116,301	2,682	922	NAN	
116,401	2,6775	921,5	NAN	
116,501	2,673	921,5	NAN	
116,601	2,6715	921	NAN	
116,701	2,667	920,5	NAN	
116,801	2,664	920	NAN	
116,901	2,6595	919,5	NAN	
117,001	2,655	918,5	NAN	
117,101	2,6505	918,5	NAN	
117,201	2,646	917,5	NAN	
117,301	2,64	917	NAN	
117,401	2,619	914,5	NAN	
117,501	2,607	912,5	NAN	
117,601	2,5995	911,5	NAN	
117,701	2,5965	910,5	NAN	
117,801	2,5935	910	NAN	
117,901	2,5875	909,5	NAN	
118,001	2,577	908	NAN	
118,101	2,5665	906,5	NAN	
118,201	2,568	906	NAN	
118,301	2,565	906,5	NAN	
118,401	2,559	905	NAN	
118,501	2,5515	904,5	NAN	
118,601	2,5455	903,5	NAN	
118,701	2,538	902,5	NAN	
118,801	2,5335	901,5	NAN	
118,901	2,532	901	NAN	
119,001	2,526	900,5	NAN	
119,101	2,5125	898,5	NAN	
119,201	2,4975	896,5	NAN	
119,301	2,487	894,5	NAN	
119,401	2,472	892	NAN	
119,501	2,4585	890,5	NAN	
119,601	2,436	886,5	NAN	
119,701	2,4285	885	NAN	
119,801	2,4285	884,5	NAN	
119,901	2,424	884	NAN	
120,001	2,412	882	NAN	
120,101	2,4015	880	NAN	
120,201	2,391	878,5	NAN	
120,301	2,367	875	NAN	
120,401	2,3505	872	NAN	
120,501	2,349	870	NAN	
120,601	2,3475	869,5	NAN	
120,701	2,346	869,5	NAN	
120,801	2,34	868,5	NAN	
120,901	2,334	867,5	NAN	
121,001	2,3205	866	NAN	
121,101	2,316	864	NAN	
121,201	2,3085	863	NAN	
121,301	2,301	861,5	NAN	
121,401	2,2935	860,5	NAN	
121,501	2,28	858	NAN	
121,601	2,2695	855,5	NAN	
121,701	2,253	853	NAN	
121,801	2,25	851	NAN	
121,901	2,244	850,5	NAN	
122,001	2,232	848	NAN	
122,101	2,208	844,5	NAN	
122,201	2,1945	840,5	NAN	
122,301	2,1945	839,5	NAN	
122,401	2,196	839	NAN	
122,501	2,187	838	NAN	
122,601	2,184	837,5	NAN	
122,701	2,1795	836	NAN	
122,801	2,1735	835	NAN	
122,901	2,1735	834,5	NAN	
123,001	2,181	835	NAN	
123,101	2,1795	835	NAN	
123,201	2,1795	835	NAN	
123,301	2,1795	835,5	NAN	
123,401	2,166	834	NAN	
123,501	2,1555	832	NAN	
123,601	2,154	830,5	NAN	
123,701	2,154	830,5	NAN	
123,801	2,1465	830	NAN	
123,901	2,1315	827,5	NAN	
124,001	2,121	824,5	NAN	
124,101	2,109	822	NAN	
124,201	2,103	820	NAN	
124,301	2,0985	819	NAN	
124,401	2,0895	817,5	NAN	
124,501	2,079	815	NAN	
124,601	2,058	811,5	NAN	
124,701	2,0295	806	NAN	
124,801	1,9995	798,5	NAN	
124,901	1,998	796	NAN	
125,001	1,9965	795	NAN	
125,101	1,995	794	NAN	
125,201	1,9875	793	NAN	
125,301	1,9665	789	NAN	
125,401	1,9575	786	NAN	
125,501	1,953	784,5	NAN	
125,601	1,953	784	NAN	
125,701	1,95	783,5	NAN	
125,801	1,9485	783	NAN	
125,901	1,9455	782	NAN	
126,001	1,938	780	NAN	
126,101	1,9305	779	NAN	
126,201	1,929	778	NAN	
126,301	1,923	776,5	NAN	
126,401	1,9125	774	NAN	
126,501	1,9095	773	NAN	
126,601	1,9065	772,5	NAN	
126,701	1,908	772	NAN	
126,801	1,9035	772	NAN	
126,901	1,8945	770,5	NAN	
127,001	1,8915	769	NAN	
127,101	1,89	768,5	NAN	
127,201	1,8855	767,5	NAN	
127,301	1,8795	766	NAN	
127,401	1,8735	764,5	NAN	
127,501	1,872	764	NAN	
127,601	1,8705	763,5	NAN	
127,701	1,872	763,5	NAN	
127,801	1,8705	763	NAN	
127,901	1,872	763,5	NAN	
128,001	1,8705	763	NAN	
128,101	1,8675	762,5	NAN	
128,201	1,854	760	NAN	
128,301	1,851	758,5	NAN	
128,401	1,8495	758	NAN	
128,501	1,842	756,5	NAN	
128,601	1,836	755	NAN	
128,701	1,8195	751,5	NAN	
128,801	1,812	749	NAN	
128,901	1,806	747	NAN	
129,001	1,8015	746	NAN	
129,101	1,797	744,5	NAN	
129,201	1,7865	742	NAN	
129,301	1,7745	739,5	NAN	
129,401	1,764	736,5	NAN	
129,501	1,758	734,5	NAN	
129,601	1,7445	732	NAN	
129,701	1,734	728	NAN	
129,801	1,7205	724,5	NAN	
129,901	1,7115	721,5	NAN	
130,001	1,6935	718,5	NAN	
130,101	1,68	714	NAN	
130,201	1,677	711,5	NAN	
130,301	1,6785	711	NAN	
130,401	1,6785	711	NAN	
130,501	1,677	711	NAN	
130,601	1,677	711	NAN	
130,701	1,6785	710,5	NAN	
130,801	1,6755	710,5	NAN	
130,901	1,6485	706	NAN	
131,001	1,6185	699	NAN	
131,101	1,593	691	NAN	
131,201	1,5705	684	NAN	
131,301	1,551	678,5	NAN	
131,401	1,5465	675,5	NAN	
131,501	1,5435	673,5	NAN	
131,601	1,5435	673	NAN	
131,701	1,5375	671	NAN	
131,801	1,5315	669,5	NAN	
131,901	1,524	667,5	NAN	
132,001	1,5165	666	NAN	
132,101	1,509	663,5	NAN	
132,201	1,5015	661,5	NAN	
132,301	1,4925	659	NAN	
132,401	1,47	653,5	NAN	
132,501	1,4685	651,5	NAN	
132,601	1,4685	650,5	NAN	
132,701	1,4655	650	NAN	
132,801	1,4595	648	NAN	
132,901	1,458	647,5	NAN	
133,001	1,455	646,5	NAN	
133,101	1,446	645	NAN	
133,201	1,44	643	NAN	
133,301	1,431	640,5	NAN	
133,401	1,419	637	NAN	
133,501	1,413	634,5	NAN	
133,601	1,407	632,5	NAN	
133,701	1,398	630	NAN	
133,801	1,389	627	NAN	
133,901	1,3785	625	NAN	
134,001	1,365	621	NAN	
134,101	1,3515	616	NAN	
134,201	1,3455	614	NAN	
134,301	1,338	611,5	NAN	
134,401	1,3275	608,5	NAN	
134,501	1,314	605	NAN	
134,601	1,3125	603	NAN	
134,701	1,311	602	NAN	
134,801	1,308	601,5	NAN	
134,901	1,308	601	NAN	
135,001	1,3005	599	NAN	
135,101	1,2945	597	NAN	
135,201	1,2915	596,5	NAN	
135,301	1,2855	594,5	NAN	
135,401	1,2855	593,5	NAN	
135,501	1,284	593	NAN	
135,601	1,278	592	NAN	
135,701	1,272	590,5	NAN	
135,801	1,26	587	NAN	
135,901	1,2495	584	NAN	
136,001	1,236	580	NAN	
136,101	1,2285	577	NAN	
136,201	1,2285	575,5	NAN	
136,301	1,2285	575	NAN	
136,401	1,2255	574,5	NAN	
136,501	1,224	574	NAN	
136,601	1,224	573,5	NAN	
136,701	1,2255	573,5	NAN	
136,801	1,227	573,5	NAN	
136,901	1,224	573,5	NAN	
137,001	1,2045	570	NAN	
137,101	1,188	564,5	NAN	
137,201	1,1715	560	NAN	
137,301	1,1595	555,5	NAN	
137,401	1,1565	553	NAN	
137,501	1,1565	552	NAN	
137,601	1,1385	548,5	NAN	
137,701	1,125	544	NAN	
137,801	1,125	542	NAN	
137,901	1,1205	541	NAN	
138,001	1,119	540	NAN	
138,101	1,113	538,5	NAN	
138,201	1,1085	536	NAN	
138,301	1,089	532,5	NAN	
138,401	1,0815	528	NAN	
138,501	1,08	527	NAN	
138,601	1,0815	526,5	NAN	
138,701	1,068	524,5	NAN	
138,801	1,0575	520	NAN	
138,901	1,0485	517,5	NAN	
139,001	1,0365	514	NAN	
139,101	1,023	509,5	NAN	
139,201	1,011	505,5	NAN	
139,301	1,0005	501,5	NAN	
139,401	0,9855	496,5	NAN	
139,501	0,9735	492,5	NAN	
139,601	0,9675	489,5	NAN	
139,701	0,957	486	NAN	
139,801	0,942	480,5	NAN	
139,901	0,936	478	NAN	
140,001	0,9285	475	NAN	
140,101	0,9255	474	NAN	
140,201	0,9255	472,5	NAN	
140,301	0,927	472,5	NAN	
140,401	0,927	472,5	NAN	
140,501	0,9255	472,5	NAN	
140,601	0,9255	472	NAN	
140,701	0,9	466,5	NAN	
140,801	0,8745	457,5	NAN	
140,901	0,8535	451	NAN	
141,001	0,8505	448	NAN	
141,101	0,849	446	NAN	
141,201	0,834	443	NAN	
141,301	0,822	437	NAN	
141,401	0,816	434	NAN	
141,501	0,816	432,5	NAN	
141,601	0,798	429	NAN	
141,701	0,777	421,5	NAN	
141,801	0,75	412,5	NAN	
141,901	0,7275	404	NAN	
142,001	0,7035	394,5	NAN	
142,101	0,6825	386,5	NAN	
142,201	0,684	383	NAN	
142,301	0,6825	381,5	NAN	
142,401	0,6825	381	NAN	
142,501	0,681	380,5	NAN	
142,601	0,669	378	NAN	
142,701	0,6495	371,5	NAN	
142,801	0,63	364	NAN	
142,901	0,618	357,5	NAN	
143,001	0,6045	352,5	NAN	
143,101	0,5955	348	NAN	
143,201	0,5835	343,5	NAN	
143,301	0,5805	341	NAN	
143,401	0,5685	337,5	NAN	
143,501	0,555	331	NAN	
143,601	0,546	327	NAN	
143,701	0,5415	324	NAN	
143,801	0,543	323,5	NAN	
143,901	0,546	323,5	NAN	
144,001	0,5475	324	NAN	
144,101	0,546	324	NAN	
144,201	0,546	323,5	NAN	
144,301	0,5415	323,5	NAN	
144,401	0,522	317	NAN	
144,501	0,5145	313	NAN	
144,601	0,495	306	NAN	
144,701	0,474	298,5	NAN	
144,801	0,471	294	NAN	
144,901	0,459	289	NAN	
145,001	0,444	282,5	NAN	
145,101	0,429	275	NAN	
145,201	0,423	272	NAN	
145,301	0,4215	270,5	NAN	
145,401	0,4185	269	NAN	
145,501	0,414	267	NAN	
145,601	0,4125	265,5	NAN	
145,701	0,402	263	NAN	
145,801	0,378	253,5	NAN	
145,901	0,3795	251	NAN	
146,001	0,381	250	NAN	
146,101	0,378	249	NAN	
146,201	0,372	247,5	NAN	
146,301	0,3705	246	NAN	
146,401	0,354	241,5	NAN	
146,501	0,342	235,5	NAN	
146,601	0,324	228	NAN	
146,701	0,3045	219,5	NAN	
146,801	0,2805	207,5	NAN	
146,901	0,273	202,5	NAN	
147,001	0,273	199,5	NAN	
147,101	0,2685	198	NAN	
147,201	0,2655	196	NAN	
147,301	0,2505	191	NAN	
147,401	0,2505	188,5	NAN	
147,501	0,2445	186,5	NAN	
147,601	0,234	182,5	NAN	
147,701	0,225	178,5	NAN	
147,801	0,2205	176	NAN	
147,901	0,2235	174,5	NAN	
148,001	0,222	174	NAN	
148,101	0,2145	172,5	NAN	
148,201	0,1995	167	NAN	
148,301	0,192	162,5	NAN	
148,401	0,1875	159	NAN	
148,501	0,1845	157	NAN	
148,601	0,1815	156	NAN	
148,701	0,1815	155,5	NAN	
148,801	0,177	154	NAN	
148,901	0,168	151	NAN	
149,001	0,165	147,5	NAN	
149,101	0,165	147	NAN	
149,201	0,162	146,5	NAN	
149,301	0,1635	146	NAN	
149,401	0,1635	146	NAN	
149,501	0,1635	145	NAN	
149,601	0,162	145	NAN	
149,701	0,162	145	NAN	
149,801	0,162	144,5	NAN	
149,901	0,1605	144	NAN	
150,001	0,15	142	NAN	
150,101	0,1425	139	NAN	
150,201	0,135	134,5	NAN	
150,301	0,123	128,5	NAN	
150,401	0,1155	124	NAN	
150,501	0,0945	116	NAN	
150,601	0,081	109	NAN	
150,701	0,0705	103,5	NAN	
150,801	0,066	100	NAN	
150,901	0,063	98,5	NAN	
151,001	0,06	97	NAN	
151,101	0,057	94,5	NAN	
151,201	0,0525	93	NAN	
151,301	0,0465	91	NAN	
151,401	0,03	84	NAN	
151,501	0,021	79	NAN	
151,601	0,012	74,5	NAN	
151,701	0,006	71	NAN	
151,801	0,009	70,5	NAN	
151,901	-0,0105	61,5	NAN	
152,001	-0,009	61	NAN	
152,101	-0,009	60,5	NAN	
152,201	-0,0015	61	NAN	
152,301	0	61,5	NAN	
152,401	-0,0015	61,5	NAN	
152,501	0	61	NAN	
152,601	0	61,5	NAN	
152,701	0,0015	61,5	NAN	
152,801	0	61,5	NAN	
152,901	0	61,5	NAN	
153,001	0	61,5	NAN	
153,101	-0,0015	61	NAN	
153,201	-0,0015	61,5	NAN	
153,301	0	61,5	NAN	
153,401	0	61,5	NAN	
153,501	0	61,5	NAN	
153,601	0	61,5	NAN	
153,701	0	61,5	NAN	
153,801	0	61,5	NAN	
153,901	0,0015	61,5	NAN	
154,001	0	61,5	NAN	
154,101	0	61,5	NAN	
154,201	0	61,5	NAN	
154,301	0	61,5	NAN	
154,401	-0,0015	61,5	NAN	
154,501	-0,0015	61,5	NAN	
154,601	0	61,5	NAN	
154,701	0	62	NAN	
154,801	0,003	61,5	NAN	
154,901	0	61,5	NAN	
155,001	-0,0015	61,5	NAN	
155,101	0	61,5	NAN	
155,201	0,0015	61,5	NAN	
155,301	0	62	NAN	
155,401	-0,0015	61,5	NAN	
155,501	-0,0015	61,5	NAN	
155,601	-0,0015	61,5	NAN	
155,701	0	61,5	NAN	
155,801	0	61,5	NAN	
155,901	0	61,5	NAN	
156,001	0,003	61,5	NAN	
156,101	0	61,5	NAN	
156,201	0	61,5	NAN	
156,301	0	61,5	NAN	
156,401	0	61,5	NAN	
156,501	0	61,5	NAN	
156,601	0	61,5	NAN	
156,701	0	61,5	NAN	
156,801	0	61	NAN	
156,901	0,0015	61,5	NAN	
157,001	0,0015	61,5	NAN	
157,101	0,0015	61,5	NAN	
157,201	0	61,5	NAN	
157,301	-0,0015	62	NAN	
157,401	-0,0015	61,5	NAN	
157,501	-0,0015	61,5	NAN	
157,601	0	61,5	NAN	
157,701	0	61,5	NAN	
157,801	0	61,5	NAN	
157,901	0,0015	61,5	NAN	
158,001	0,0015	61,5	NAN	
158,101	0,0015	61	NAN	
158,201	-0,0195	59	NAN	
158,301	-0,051	47,5	NAN	
158,401	-0,0795	34,5	NAN	
158,501	-0,105	22,5	NAN	
158,601	-0,1155	14,5	NAN	
158,701	-0,117	11,5	NAN	
158,801	-0,117	9,5	NAN	
158,901	-0,1155	8	NAN	
159,001	-0,117	8	NAN	
159,101	-0,1185	7,5	NAN	
159,201	-0,117	7	NAN	
159,301	-0,123	6	NAN	
159,401	-0,1335	3,5	NAN	
159,501	-0,1485	-2,5	NAN	
159,601	-0,159	-6,5	NAN	
159,701	-0,168	-11,5	NAN	
159,801	-0,1845	-19,5	NAN	
159,901	-0,1965	-25	NAN	
160,001	-0,21	-31,5	NAN	
160,101	-0,222	-36,5	NAN	
160,201	-0,228	-40	NAN	
160,301	-0,234	-44	NAN	
160,401	-0,246	-49	NAN	
160,501	-0,2475	-51,5	NAN	
160,601	-0,2535	-54	NAN	
160,701	-0,264	-58	NAN	
160,801	-0,276	-64	NAN	
160,901	-0,2775	-66,5	NAN	
161,001	-0,279	-68	NAN	
161,101	-0,2805	-69	NAN	
161,201	-0,285	-69,5	NAN	
161,301	-0,2865	-71	NAN	
161,401	-0,288	-72,5	NAN	
161,501	-0,2955	-75	NAN	
161,601	-0,3105	-80,5	NAN	
161,701	-0,321	-85	NAN	
161,801	-0,324	-89	NAN	
161,901	-0,327	-90,5	NAN	
162,001	-0,327	-91,5	NAN	
162,101	-0,33	-92	NAN	
162,201	-0,33	-93	NAN	
162,301	-0,336	-94,5	NAN	
162,401	-0,345	-98	NAN	
162,501	-0,354	-101,5	NAN	
162,601	-0,366	-106	NAN	
162,701	-0,375	-111,5	NAN	
162,801	-0,3795	-114,5	NAN	
162,901	-0,381	-116,5	NAN	
163,001	-0,399	-121	NAN	
163,101	-0,4035	-125	NAN	
163,201	-0,4035	-126,5	NAN	
163,301	-0,408	-128	NAN	
163,401	-0,411	-129,5	NAN	
163,501	-0,4125	-130,5	NAN	
163,601	-0,417	-132,5	NAN	
163,701	-0,426	-135,5	NAN	
163,801	-0,429	-138	NAN	
163,901	-0,4335	-140,5	NAN	
164,001	-0,435	-141,5	NAN	
164,101	-0,4425	-144	NAN	
164,201	-0,447	-146	NAN	
164,301	-0,45	-147	NAN	
164,401	-0,4545	-149,5	NAN	
164,501	-0,4605	-152	NAN	
164,601	-0,471	-157,5	NAN	
164,701	-0,477	-160	NAN	
164,801	-0,486	-163,5	NAN	
164,901	-0,4995	-169	NAN	
165,001	-0,5115	-174,5	NAN	
165,101	-0,5235	-179,5	NAN	
165,201	-0,5325	-183,5	NAN	
165,301	-0,5475	-190	NAN	
165,401	-0,5565	-195	NAN	
165,501	-0,567	-199,5	NAN	
165,601	-0,5745	-203	NAN	
165,701	-0,5805	-206	NAN	
165,801	-0,585	-209,5	NAN	
165,901	-0,585	-211	NAN	
166,001	-0,5925	-213	NAN	
166,101	-0,5985	-215	NAN	
166,201	-0,6075	-219	NAN	
166,301	-0,6105	-221,5	NAN	
166,401	-0,621	-225	NAN	
166,501	-0,6405	-233	NAN	
166,601	-0,657	-239	NAN	
166,701	-0,6645	-244	NAN	
166,801	-0,6825	-250	NAN	
166,901	-0,684	-253,5	NAN	
167,001	-0,69	-256,5	NAN	
167,101	-0,693	-259,5	NAN	
167,201	-0,6975	-260,5	NAN	
167,301	-0,702	-262,5	NAN	
167,401	-0,7065	-265	NAN	
167,501	-0,7125	-267	NAN	
167,601	-0,7155	-268,5	NAN	
167,701	-0,72	-270,5	NAN	
167,801	-0,726	-273,5	NAN	
167,901	-0,7335	-276,5	NAN	
168,001	-0,741	-280	NAN	
168,101	-0,7515	-283,5	NAN	
168,201	-0,762	-287,5	NAN	
168,301	-0,7665	-291	NAN	
168,401	-0,771	-293,5	NAN	
168,501	-0,774	-294,5	NAN	
168,601	-0,7755	-296,5	NAN	
168,701	-0,78	-298	NAN	
168,801	-0,801	-304	NAN	
168,901	-0,8265	-312,5	NAN	
169,001	-0,8415	-320	NAN	
169,101	-0,852	-326	NAN	
169,201	-0,858	-329	NAN	
169,301	-0,861	-331	NAN	
169,401	-0,8625	-333,5	NAN	
169,501	-0,8745	-336,5	NAN	
169,601	-0,8865	-341	NAN	
169,701	-0,9045	-348	NAN	
169,801	-0,9135	-352	NAN	
169,901	-0,924	-357,5	NAN	
170,001	-0,9345	-361,5	NAN	
170,101	-0,948	-366	NAN	
170,201	-0,954	-370,5	NAN	
170,301	-0,963	-374	NAN	
170,401	-0,9705	-377	NAN	
170,501	-0,975	-380	NAN	
170,601	-0,981	-382,5	NAN	
170,701	-0,984	-385	NAN	
170,801	-0,9885	-386,5	NAN	
170,901	-0,993	-388,5	NAN	
171,001	-1,0005	-391	NAN	
171,101	-1,0065	-393,5	NAN	
171,201	-1,011	-395,5	NAN	
171,301	-1,014	-397	NAN	
171,401	-1,02	-399	NAN	
171,501	-1,0275	-402	NAN	
171,601	-1,038	-406	NAN	
171,701	-1,0485	-409	NAN	
171,801	-1,056	-412	NAN	
171,901	-1,0635	-416	NAN	
172,001	-1,077	-420	NAN	
172,101	-1,0875	-424,5	NAN	
172,201	-1,0965	-428,5	NAN	
172,301	-1,1085	-432,5	NAN	
172,401	-1,1175	-436	NAN	
172,501	-1,125	-440	NAN	
172,601	-1,1325	-443	NAN	
172,701	-1,1475	-447,5	NAN	
172,801	-1,1535	-451,5	NAN	
172,901	-1,1595	-454	NAN	
173,001	-1,1745	-458	NAN	
173,101	-1,185	-462,5	NAN	
173,201	-1,194	-466,5	NAN	
173,301	-1,2105	-471,5	NAN	
173,401	-1,2195	-476	NAN	
173,501	-1,2285	-479	NAN	
173,601	-1,2315	-482	NAN	
173,701	-1,233	-483	NAN	
173,801	-1,2315	-483,5	NAN	
173,901	-1,233	-484	NAN	
174,001	-1,2315	-484,5	NAN	
174,101	-1,2465	-487	NAN	
174,201	-1,2795	-495,5	NAN	
174,301	-1,3095	-505	NAN	
174,401	-1,338	-515	NAN	
174,501	-1,3545	-523,5	NAN	
174,601	-1,362	-527,5	NAN	
174,701	-1,374	-531,5	NAN	
174,801	-1,3815	-535,5	NAN	
174,901	-1,3935	-539	NAN	
175,001	-1,413	-545	NAN	
175,101	-1,437	-552,5	NAN	
175,201	-1,4475	-557,5	NAN	
175,301	-1,4475	-560	NAN	
175,401	-1,4535	-561,5	NAN	
175,501	-1,4595	-564	NAN	
175,601	-1,47	-566,5	NAN	
175,701	-1,4865	-571,5	NAN	
175,801	-1,494	-575,5	NAN	
175,901	-1,497	-577	NAN	
176,001	-1,506	-580	NAN	
176,101	-1,5225	-584,5	NAN	
176,201	-1,539	-589	NAN	
176,301	-1,5495	-593	NAN	
176,401	-1,569	-599	NAN	
176,501	-1,5825	-603,5	NAN	
176,601	-1,617	-612	NAN	
176,701	-1,629	-618	NAN	
176,801	-1,644	-623	NAN	
176,901	-1,6695	-630	NAN	
177,001	-1,692	-637	NAN	
177,101	-1,7145	-644,5	NAN	
177,201	-1,7325	-650	NAN	
177,301	-1,746	-655,5	NAN	
177,401	-1,7595	-660	NAN	
177,501	-1,7685	-663	NAN	
177,601	-1,7775	-665,5	NAN	
177,701	-1,7985	-671,5	NAN	
177,801	-1,803	-674,5	NAN	
177,901	-1,806	-676	NAN	
178,001	-1,821	-679	NAN	
178,101	-1,8285	-682	NAN	
178,201	-1,8315	-684	NAN	
178,301	-1,842	-686	NAN	
178,401	-1,854	-689,5	NAN	
178,501	-1,8675	-693	NAN	
178,601	-1,8795	-697	NAN	
178,701	-1,89	-700,5	NAN	
178,801	-1,905	-704,5	NAN	
178,901	-1,9215	-708	NAN	
179,001	-1,9305	-712	NAN	
179,101	-1,9515	-717	NAN	
179,201	-1,9725	-722,5	NAN	
179,301	-2,0025	-730	NAN	
179,401	-2,031	-737	NAN	
179,501	-2,055	-744	NAN	
179,601	-2,073	-750	NAN	
179,701	-2,085	-754	NAN	
179,801	-2,097	-758	NAN	
179,901	-2,109	-761,5	NAN	
180,001	-2,1225	-764,5	NAN	
180,101	-2,133	-768	NAN	
180,201	-2,1495	-772,5	NAN	
180,301	-2,1615	-776	NAN	
180,401	-2,1765	-779,5	NAN	
180,501	-2,199	-784	NAN	
180,601	-2,22	-789	NAN	
180,701	-2,235	-794	NAN	
180,801	-2,232	-795,5	NAN	
180,901	-2,229	-795,5	NAN	
181,001	-2,2275	-795,5	NAN	
181,101	-2,229	-795	NAN	
181,201	-2,226	-795	NAN	
181,301	-2,2305	-796	NAN	
181,401	-2,2725	-801,5	NAN	
181,501	-2,3145	-810	NAN	
181,601	-2,3655	-822	NAN	
181,701	-2,3895	-830	NAN	
181,801	-2,4195	-836,5	NAN	
181,901	-2,445	-843,5	NAN	
182,001	-2,4615	-848	NAN	
182,101	-2,478	-852	NAN	
182,201	-2,496	-856,5	NAN	
182,301	-2,529	-862,5	NAN	
182,401	-2,547	-867,5	NAN	
182,501	-2,5725	-872,5	NAN	
182,601	-2,5965	-878	NAN	
182,701	-2,6235	-883	NAN	
182,801	-2,649	-888	NAN	
182,901	-2,6655	-893	NAN	
183,001	-2,6895	-897	NAN	
183,101	-2,718	-902,5	NAN	
183,201	-2,742	-907	NAN	
183,301	-2,757	-910,5	NAN	
183,401	-2,7705	-913,5	NAN	
183,501	-2,7795	-915,5	NAN	
183,601	-2,784	-917	NAN	
183,701	-2,7885	-918	NAN	
183,801	-2,7975	-919,5	NAN	
183,901	-2,802	-920,5	NAN	
184,001	-2,808	-921	NAN	
184,101	-2,808	-922	NAN	
184,201	-2,8125	-922,5	NAN	
184,301	-2,814	-923	NAN	
184,401	-2,8275	-925	NAN	
184,501	-2,8395	-926,5	NAN	
184,601	-2,85	-928,5	NAN	
184,701	-2,8725	-931,5	NAN	
184,801	-2,877	-933,5	NAN	
184,901	-2,877	-934,5	NAN	
185,001	-2,8755	-934,5	NAN	
185,101	-2,8785	-935	NAN	
185,201	-2,88	-935,5	NAN	
185,301	-2,8815	-935,5	NAN	
185,401	-2,8875	-936	NAN	
185,501	-2,886	-936	NAN	
185,601	-2,8845	-936	NAN	
185,701	-2,8905	-935,5	NAN	
185,801	-2,8935	-937	NAN	
185,901	-2,898	-937,5	NAN	
186,001	-2,8995	-938,5	NAN	
186,101	-2,904	-938,5	NAN	
186,201	-2,9055	-939	NAN	
186,301	-2,9085	-940	NAN	
186,401	-2,9235	-942	NAN	
186,501	-2,9445	-943,5	NAN	
186,601	-2,958	-947	NAN	
186,701	-2,9565	-948,5	NAN	
186,801	-2,9565	-949	NAN	
186,901	-2,9565	-947	NAN	
187,001	-2,9565	-948,5	NAN	
187,101	-2,9565	-948,5	NAN	
187,201	-2,9565	-947	NAN	
187,301	-2,955	-948,5	NAN	
187,401	-2,961	-948	NAN	
187,501	-2,9595	-949	NAN	
187,601	-2,961	-948	NAN	
187,701	-2,9595	-949	NAN	
187,801	-2,9595	-948,5	NAN	
187,901	-2,961	-948,5	NAN	
188,001	-2,967	-950	NAN	
188,101	-2,9745	-950	NAN	
188,201	-2,9715	-951	NAN	
188,301	-2,97	-949,5	NAN	
188,401	-2,97	-950,5	NAN	
188,501	-2,9685	-951	NAN	
188,601	-2,97	-951	NAN	
188,701	-2,9685	-950,5	NAN	
188,801	-2,967	-951	NAN	
188,901	-2,9685	-950	NAN	
189,001	-2,9685	-951	NAN	
189,101	-2,9685	-950,5	NAN	
189,201	-2,9685	-950	NAN	
189,301	-2,9685	-950	NAN	
189,401	-2,97	-951	NAN	
189,501	-2,9685	-950,5	NAN	
189,601	-2,97	-950,5	NAN	
189,701	-2,97	-951	NAN	
189,801	-2,9685	-950,5	NAN	
189,901	-2,97	-949,5	NAN	
190,001	-2,97	-950,5	NAN	
190,101	-2,9685	-949,5	NAN	
190,201	-2,9715	-950	NAN	
190,301	-2,9685	-949,5	NAN	
