DEF="Zeit" t / s    "Strom" I_A1 / A    "Magn, Flussdichte" B_B1 / mT   "Frequenz" f / Hz   
1   0   0,0015  0,5 
2   0,1 0   0,5 
3   0,2 -0,0015 0   
4   0,3 0,0015  0,5 
5   0,4 0,0015  0,5 
6   0,5 0   0,5 
7   0,6 0   0,5 
8   0,7 0,0015  0,5 
9   0,8 0   0,5 
10  0,9 0   0,5 
11  1   0   0,5 
12  1,1 0   0,5 
13  1,2 -0,0015 0,5 
14  1,3 0,0015  0,5 
15  1,4 0   0,5 
16  1,5 0   0,5 
17  1,6 0,0015  0,5 
18  1,7 -0,0015 0,5 
19  1,8 0   0,5 
20  1,9 0   0,5 
21  2   -0,003  1   
22  2,1 -0,0015 0,5 
23  2,2 -0,0015 0,5 
24  2,3 0,0015  0,5 
25  2,4 0   0,5 
26  2,5 0,0015  0,5 
27  2,6 0   0,5 
28  2,7 -0,0015 0,5 
29  2,8 0   0,5 
30  2,9 -0,0015 0   
31  3   -0,0015 0,5 
32  3,1 0,0015  0,5 
33  3,2 0   0,5 
34  3,3 0   1   
35  3,4 0,0015  0,5 
36  3,5 0,0015  0,5 
37  3,6 0   0,5 
38  3,7 -0,0015 0,5 
39  3,8 0   0,5 
40  3,9 -0,0015 0,5 
41  4   -0,0015 0,5 
42  4,1 0   0,5 
43  4,2 0   0,5 
44  4,3 0   0   
45  4,4 -0,003  0,5 
46  4,5 -0,0015 0,5 
47  4,6 -0,0015 0   
48  4,7 0,0015  1   
49  4,8 0,0015  0,5 
50  4,9 -0,018  3,5 
51  5   -0,033  6,5 
52  5,1 -0,0555 11,5    
53  5,2 -0,1095 25,5    
54  5,3 -0,147  41  
55  5,4 -0,1695 51,5    
56  5,5 -0,1965 62  
57  5,6 -0,2205 73  
58  5,7 -0,2445 83,5    
59  5,8 -0,273  96,5    
60  5,9 -0,297  108,5   
61  6   -0,324  120 
62  6,1 -0,3375 129 
63  6,2 -0,3435 132,5   
64  6,3 -0,3465 135,5   
65  6,4 -0,348  137 
66  6,5 -0,354  139 
67  6,6 -0,357  141 
68  6,7 -0,3675 145 
69  6,8 -0,3765 149 
70  6,9 -0,3915 155 
71  7   -0,402  161 
72  7,1 -0,411  165 
73  7,2 -0,42   168,5   
74  7,3 -0,4365 175,5   
75  7,4 -0,4515 182,5   
76  7,5 -0,462  187,5   
77  7,6 -0,471  193 
78  7,7 -0,4785 197 
79  7,8 -0,486  200,5   
80  7,9 -0,5025 207 
81  8   -0,516  213 
82  8,1 -0,5235 217 
83  8,2 -0,5325 221 
84  8,3 -0,5445 227,5   
85  8,4 -0,5535 231,5   
86  8,5 -0,5565 234 
87  8,6 -0,564  236,5   
88  8,7 -0,5715 240 
89  8,8 -0,579  242 
90  8,9 -0,588  247 
91  9   -0,6045 254 
92  9,1 -0,612  258 
93  9,2 -0,6165 259,5   
94  9,3 -0,6165 261 
95  9,4 -0,6225 263 
96  9,5 -0,6285 266 
97  9,6 -0,6375 269,5   
98  9,7 -0,642  272,5   
99  9,8 -0,6495 274,5   
100 9,9 -0,6495 276 
101 10  -0,6555 278 
102 10,1    -0,66   280,5   
103 10,2    -0,669  283,5   
104 10,3    -0,6795 287,5   
105 10,4    -0,6885 291 
106 10,5    -0,6915 293,5   
107 10,6    -0,6975 295,5   
108 10,7    -0,708  299 
109 10,8    -0,7095 301,5   
110 10,9    -0,7125 303 
111 11  -0,717  304,5   
112 11,1    -0,7275 308,5   
113 11,2    -0,738  312,5   
114 11,3    -0,7395 314 
115 11,4    -0,7455 316 
116 11,5    -0,7575 321 
117 11,6    -0,7695 325 
118 11,7    -0,7785 329 
119 11,8    -0,783  331,5   
120 11,9    -0,7875 333,5   
121 12  -0,795  336 
122 12,1    -0,8115 342 
123 12,2    -0,822  347 
124 12,3    -0,8205 348,5   
125 12,4    -0,8265 349,5   
126 12,5    -0,831  351 
127 12,6    -0,8355 353,5   
128 12,7    -0,8415 355 
129 12,8    -0,843  356,5   
130 12,9    -0,849  358 
131 13  -0,855  361 
132 13,1    -0,87   366 
133 13,2    -0,8805 370 
134 13,3    -0,891  374 
135 13,4    -0,9015 378 
136 13,5    -0,912  383 
137 13,6    -0,918  385 
138 13,7    -0,9225 387 
139 13,8    -0,924  389 
140 13,9    -0,927  389,5   
141 14  -0,9255 390 
142 14,1    -0,9285 390,5   
143 14,2    -0,9315 391 
144 14,3    -0,9375 393 
145 14,4    -0,9435 395 
146 14,5    -0,951  398,5   
147 14,6    -0,9645 402,5   
148 14,7    -0,975  406 
149 14,8    -0,984  409,5   
150 14,9    -0,999  415 
151 15  -1,002  417,5   
152 15,1    -1,0035 419 
153 15,2    -1,0035 419,5   
154 15,3    -1,008  420,5   
155 15,4    -1,017  423,5   
156 15,5    -1,026  426 
157 15,6    -1,0335 429,5   
158 15,7    -1,0455 433,5   
159 15,8    -1,053  436 
160 15,9    -1,0545 437 
161 16  -1,0545 437,5   
162 16,1    -1,053  437,5   
163 16,2    -1,053  438 
164 16,3    -1,059  439 
165 16,4    -1,0935 448,5   
166 16,5    -1,1295 460 
167 16,6    -1,146  467,5   
168 16,7    -1,158  472,5   
169 16,8    -1,1655 475,5   
170 16,9    -1,1805 480,5   
171 17  -1,206  487,5   
172 17,1    -1,2105 492 
173 17,2    -1,221  495,5   
174 17,3    -1,239  501 
175 17,4    -1,26   507,5   
176 17,5    -1,266  511 
177 17,6    -1,2765 514 
178 17,7    -1,293  519,5   
179 17,8    -1,308  524 
180 17,9    -1,311  526 
181 18  -1,3125 527,5   
182 18,1    -1,3305 532,5   
183 18,2    -1,3515 539 
184 18,3    -1,3545 541 
185 18,4    -1,3605 543 
186 18,5    -1,374  546,5   
187 18,6    -1,3905 551,5   
188 18,7    -1,3935 554 
189 18,8    -1,3995 556 
190 18,9    -1,41   558,5   
191 19  -1,419  562 
192 19,1    -1,425  564,5   
193 19,2    -1,4265 565,5   
194 19,3    -1,431  566,5   
195 19,4    -1,4445 570 
196 19,5    -1,4505 572,5   
197 19,6    -1,4625 576 
198 19,7    -1,4715 578,5   
199 19,8    -1,4775 581 
200 19,9    -1,4775 582 
201 20  -1,4805 583 
202 20,1    -1,482  583 
203 20,2    -1,4775 583,5   
204 20,3    -1,4805 583 
205 20,4    -1,4805 583 
206 20,5    -1,503  587 
207 20,6    -1,545  598,5   
208 20,7    -1,554  603,5   
209 20,8    -1,5645 607,5   
210 20,9    -1,5795 611,5   
211 21  -1,6035 618,5   
212 21,1    -1,611  622 
213 21,2    -1,614  624 
214 21,3    -1,626  626,5   
215 21,4    -1,626  628,5   
216 21,5    -1,632  629,5   
217 21,6    -1,641  631,5   
218 21,7    -1,644  633 
219 21,8    -1,6455 634,5   
220 21,9    -1,6545 636,5   
221 22  -1,6635 639 
222 22,1    -1,6665 640,5   
223 22,2    -1,6695 641 
224 22,3    -1,6785 643 
225 22,4    -1,686  645,5   
226 22,5    -1,6935 647,5   
227 22,6    -1,6965 649 
228 22,7    -1,707  651,5   
229 22,8    -1,716  654,5   
230 22,9    -1,728  658 
231 23  -1,731  659,5   
232 23,1    -1,737  661,5   
233 23,2    -1,737  662 
234 23,3    -1,7415 663,5   
235 23,4    -1,7505 665 
236 23,5    -1,7595 667 
237 23,6    -1,767  669 
238 23,7    -1,773  671,5   
239 23,8    -1,7835 674,5   
240 23,9    -1,791  676,5   
241 24  -1,7955 678 
242 24,1    -1,797  679 
243 24,2    -1,803  681 
244 24,3    -1,8105 683 
245 24,4    -1,8165 685 
246 24,5    -1,8255 687 
247 24,6    -1,833  689 
248 24,7    -1,839  691 
249 24,8    -1,8345 691,5   
250 24,9    -1,833  691,5   
251 25  -1,8375 691,5   
252 25,1    -1,8525 693,5   
253 25,2    -1,8945 703 
254 25,3    -1,917  710,5   
255 25,4    -1,9365 716 
256 25,5    -1,953  722 
257 25,6    -1,9635 725,5   
258 25,7    -1,974  728,5   
259 25,8    -1,986  731,5   
260 25,9    -2,0055 736 
261 26  -2,022  740,5   
262 26,1    -2,0235 743 
263 26,2    -2,0265 744 
264 26,3    -2,0265 744,5   
265 26,4    -2,031  745,5   
266 26,5    -2,0385 746,5   
267 26,6    -2,052  749,5   
268 26,7    -2,0565 752 
269 26,8    -2,067  754 
270 26,9    -2,0805 757 
271 27  -2,088  760 
272 27,1    -2,094  762 
273 27,2    -2,1015 763,5   
274 27,3    -2,1105 766 
275 27,4    -2,124  769 
276 27,5    -2,1405 772,5   
277 27,6    -2,1495 775,5   
278 27,7    -2,163  779 
279 27,8    -2,172  781,5   
280 27,9    -2,1795 784 
281 28  -2,19   786,5   
282 28,1    -2,211  790,5   
283 28,2    -2,2185 793,5   
284 28,3    -2,2245 795,5   
285 28,4    -2,241  798,5   
286 28,5    -2,2635 803,5   
287 28,6    -2,2695 806 
288 28,7    -2,2725 807,5   
289 28,8    -2,2785 809 
290 28,9    -2,2845 810,5   
291 29  -2,289  811,5   
292 29,1    -2,2965 813,5   
293 29,2    -2,31   816 
294 29,3    -2,313  817,5   
295 29,4    -2,3115 818 
296 29,5    -2,3115 818 
297 29,6    -2,3145 818,5   
298 29,7    -2,3145 818,5   
299 29,8    -2,3205 819,5   
300 29,9    -2,325  820,5   
301 30  -2,3355 822 
302 30,1    -2,3415 824 
303 30,2    -2,352  826,5   
304 30,3    -2,355  828 
305 30,4    -2,361  829 
306 30,5    -2,364  830 
307 30,6    -2,367  830,5   
308 30,7    -2,37   831,5   
309 30,8    -2,3775 832,5   
310 30,9    -2,385  834 
311 31  -2,3925 836 
312 31,1    -2,3985 837,5   
313 31,2    -2,4045 839 
314 31,3    -2,406  840 
315 31,4    -2,412  841 
316 31,5    -2,4135 842 
317 31,6    -2,4195 843 
318 31,7    -2,4195 843,5   
319 31,8    -2,4225 843,5   
320 31,9    -2,421  844 
321 32  -2,424  844,5   
322 32,1    -2,4315 845,5   
323 32,2    -2,439  847 
324 32,3    -2,445  848,5   
325 32,4    -2,448  849,5   
326 32,5    -2,4495 850 
327 32,6    -2,4525 851 
328 32,7    -2,457  851,5   
329 32,8    -2,463  852,5   
330 32,9    -2,475  854,5   
331 33  -2,4795 856 
332 33,1    -2,4825 857 
333 33,2    -2,484  857,5   
334 33,3    -2,4915 859 
335 33,4    -2,4945 860 
336 33,5    -2,4945 860,5   
337 33,6    -2,4975 861 
338 33,7    -2,5005 861,5   
339 33,8    -2,499  861,5   
340 33,9    -2,499  862 
341 34  -2,5005 862 
342 34,1    -2,502  862 
343 34,2    -2,5035 862,5   
344 34,3    -2,505  862,5   
345 34,4    -2,511  863,5   
346 34,5    -2,514  864 
347 34,6    -2,514  864,5   
348 34,7    -2,514  864,5   
349 34,8    -2,5155 865 
350 34,9    -2,5155 865 
351 35  -2,52   865,5   
352 35,1    -2,5275 867,5   
353 35,2    -2,532  868,5   
354 35,3    -2,5335 869,5   
355 35,4    -2,541  870 
356 35,5    -2,553  872 
357 35,6    -2,556  873 
358 35,7    -2,565  875 
359 35,8    -2,565  875,5   
360 35,9    -2,568  876 
361 36  -2,574  877 
362 36,1    -2,58   878 
363 36,2    -2,586  879,5   
364 36,3    -2,589  880,5   
365 36,4    -2,5905 881 
366 36,5    -2,5935 881,5   
367 36,6    -2,601  882,5   
368 36,7    -2,607  884 
369 36,8    -2,61   884,5   
370 36,9    -2,6145 885,5   
371 37  -2,622  887 
372 37,1    -2,6325 889 
373 37,2    -2,631  889,5   
374 37,3    -2,637  890,5   
375 37,4    -2,6415 891,5   
376 37,5    -2,643  892 
377 37,6    -2,649  893 
378 37,7    -2,6565 894 
379 37,8    -2,661  895,5   
380 37,9    -2,6715 897 
381 38  -2,6775 898,5   
382 38,1    -2,6835 900 
383 38,2    -2,6895 901 
384 38,3    -2,6985 902,5   
385 38,4    -2,7045 904 
386 38,5    -2,7075 905 
387 38,6    -2,712  905,5   
388 38,7    -2,715  906 
389 38,8    -2,739  909 
390 38,9    -2,7435 911 
391 39  -2,7435 912 
392 39,1    -2,7495 912,5   
393 39,2    -2,7765 917 
394 39,3    -2,787  919 
395 39,4    -2,787  920,5   
396 39,5    -2,7795 920 
397 39,6    -2,778  920 
398 39,7    -2,7795 920 
399 39,8    -2,7915 920,5   
400 39,9    -2,811  923,5   
401 40  -2,829  927 
402 40,1    -2,8395 929 
403 40,2    -2,859  932 
404 40,3    -2,877  935 
405 40,4    -2,9055 939,5   
406 40,5    -2,9205 943 
407 40,6    -2,9355 945,5   
408 40,7    -2,952  948 
409 40,8    -2,961  949,5   
410 40,9    -2,964  951 
411 41  -2,9715 952 
412 41,1    -2,976  953 
413 41,2    -2,9835 954 
414 41,3    -2,9835 954 
415 41,4    -2,982  954,5   
416 41,5    -2,982  954 
417 41,6    -2,982  954,5   
418 41,7    -2,982  954 
419 41,8    -2,982  954,5   
420 41,9    -2,9805 954,5   
421 42  -2,979  954 
422 42,1    -2,9655 953,5   
423 42,2    -2,958  952,5   
424 42,3    -2,949  952 
425 42,4    -2,937  951 
426 42,5    -2,9295 950,5   
427 42,6    -2,922  949,5   
428 42,7    -2,919  949,5   
429 42,8    -2,916  949 
430 42,9    -2,9145 949 
431 43  -2,9115 949 
432 43,1    -2,9145 948,5   
433 43,2    -2,913  949 
434 43,3    -2,9115 948,5   
435 43,4    -2,9085 948,5   
436 43,5    -2,9085 948,5   
437 43,6    -2,901  948 
438 43,7    -2,874  946 
439 43,8    -2,8695 944,5   
440 43,9    -2,865  944,5   
441 44  -2,8635 944 
442 44,1    -2,8605 944 
443 44,2    -2,8575 943,5   
444 44,3    -2,844  942,5   
445 44,4    -2,8395 942 
446 44,5    -2,8395 941,5   
447 44,6    -2,835  941 
448 44,7    -2,8305 941 
449 44,8    -2,829  941 
450 44,9    -2,8245 940,5   
451 45  -2,817  940 
452 45,1    -2,817  939,5   
453 45,2    -2,814  939,5   
454 45,3    -2,814  939 
455 45,4    -2,8095 939 
456 45,5    -2,811  939 
457 45,6    -2,811  938,5   
458 45,7    -2,808  938,5   
459 45,8    -2,8065 938,5   
460 45,9    -2,808  938,5   
461 46  -2,8005 938 
462 46,1    -2,796  937,5   
463 46,2    -2,7945 937,5   
464 46,3    -2,793  937 
465 46,4    -2,79   936,5   
466 46,5    -2,7885 936,5   
467 46,6    -2,7885 936 
468 46,7    -2,787  936,5   
469 46,8    -2,784  936 
470 46,9    -2,7765 935,5   
471 47  -2,7765 935,5   
472 47,1    -2,778  935 
473 47,2    -2,7765 935 
474 47,3    -2,7765 935 
475 47,4    -2,775  935 
476 47,5    -2,775  935 
477 47,6    -2,7675 934,5   
478 47,7    -2,7675 934 
479 47,8    -2,7645 934 
480 47,9    -2,7585 933,5   
481 48  -2,7555 933 
482 48,1    -2,7555 933 
483 48,2    -2,754  932,5   
484 48,3    -2,754  932,5   
485 48,4    -2,7525 932,5   
486 48,5    -2,751  932,5   
487 48,6    -2,7525 932,5   
488 48,7    -2,751  932 
489 48,8    -2,748  931,5   
490 48,9    -2,742  931,5   
491 49  -2,7435 931 
492 49,1    -2,742  931,5   
493 49,2    -2,7405 931 
494 49,3    -2,7375 931 
495 49,4    -2,733  930,5   
496 49,5    -2,733  930,5   
497 49,6    -2,7285 930 
498 49,7    -2,7255 929,5   
499 49,8    -2,7255 929 
500 49,9    -2,7225 929 
501 50  -2,721  929 
502 50,1    -2,721  929 
503 50,2    -2,721  929 
504 50,3    -2,721  929 
505 50,4    -2,7195 928,5   
506 50,5    -2,718  928,5   
507 50,6    -2,7165 928 
508 50,7    -2,7135 928 
509 50,8    -2,7105 928 
510 50,9    -2,712  928 
511 51  -2,712  928 
512 51,1    -2,712  927,5   
513 51,2    -2,7105 927,5   
514 51,3    -2,7105 927,5   
515 51,4    -2,712  927,5   
516 51,5    -2,709  927,5   
517 51,6    -2,7045 927 
518 51,7    -2,703  926,5   
519 51,8    -2,7    926 
520 51,9    -2,694  926 
521 52  -2,691  925 
522 52,1    -2,6865 925 
523 52,2    -2,682  924 
524 52,3    -2,679  924 
525 52,4    -2,679  924 
526 52,5    -2,679  923,5   
527 52,6    -2,676  923,5   
528 52,7    -2,6745 923 
529 52,8    -2,6715 923 
530 52,9    -2,6715 923 
531 53  -2,6685 922,5   
532 53,1    -2,661  921,5   
533 53,2    -2,655  921 
534 53,3    -2,652  920,5   
535 53,4    -2,649  920 
536 53,5    -2,6475 920 
537 53,6    -2,6475 919,5   
538 53,7    -2,646  919,5   
539 53,8    -2,6415 919,5   
540 53,9    -2,6415 919,5   
541 54  -2,6415 919 
542 54,1    -2,64   919 
543 54,2    -2,6355 918,5   
544 54,3    -2,634  918 
545 54,4    -2,631  918 
546 54,5    -2,631  917,5   
547 54,6    -2,6205 916,5   
548 54,7    -2,616  916 
549 54,8    -2,613  915,5   
550 54,9    -2,6085 915 
551 55  -2,607  914,5   
552 55,1    -2,604  914 
553 55,2    -2,6025 914 
554 55,3    -2,5995 913,5   
555 55,4    -2,5995 913,5   
556 55,5    -2,595  912,5   
557 55,6    -2,592  912,5   
558 55,7    -2,5875 912 
559 55,8    -2,586  911,5   
560 55,9    -2,5815 911 
561 56  -2,5815 910,5   
562 56,1    -2,5785 910,5   
563 56,2    -2,5755 910 
564 56,3    -2,571  909,5   
565 56,4    -2,568  909 
566 56,5    -2,5665 909 
567 56,6    -2,5605 908 
568 56,7    -2,5575 907,5   
569 56,8    -2,553  907 
570 56,9    -2,55   906,5   
571 57  -2,5455 906 
572 57,1    -2,538  905 
573 57,2    -2,532  904 
574 57,3    -2,529  903,5   
575 57,4    -2,5245 903 
576 57,5    -2,5245 902,5   
577 57,6    -2,517  902 
578 57,7    -2,514  901 
579 57,8    -2,508  900,5   
580 57,9    -2,5035 899,5   
581 58  -2,5005 899 
582 58,1    -2,499  899 
583 58,2    -2,499  898,5   
584 58,3    -2,4975 898,5   
585 58,4    -2,4975 899 
586 58,5    -2,496  898 
587 58,6    -2,499  898 
588 58,7    -2,4945 898 
589 58,8    -2,4945 898 
590 58,9    -2,4945 898 
591 59  -2,4915 897,5   
592 59,1    -2,493  897,5   
593 59,2    -2,478  896 
594 59,3    -2,475  895 
595 59,4    -2,4705 894,5   
596 59,5    -2,46   893 
597 59,6    -2,4465 891 
598 59,7    -2,433  889 
599 59,8    -2,4255 887,5   
600 59,9    -2,4195 886 
601 60  -2,4105 885,5   
602 60,1    -2,403  883,5   
603 60,2    -2,3835 881 
604 60,3    -2,3775 879 
605 60,4    -2,3745 878 
606 60,5    -2,3715 877,5   
607 60,6    -2,364  876,5   
608 60,7    -2,3595 876 
609 60,8    -2,3565 875 
610 60,9    -2,349  874 
611 61  -2,34   872,5   
612 61,1    -2,328  870,5   
613 61,2    -2,325  869,5   
614 61,3    -2,3235 868,5   
615 61,4    -2,3205 868,5   
616 61,5    -2,3175 867,5   
617 61,6    -2,313  867 
618 61,7    -2,307  866 
619 61,8    -2,307  865,5   
620 61,9    -2,2995 864,5   
621 62  -2,286  862,5   
622 62,1    -2,2755 860 
623 62,2    -2,2695 859 
624 62,3    -2,2635 858 
625 62,4    -2,2605 857 
626 62,5    -2,244  855 
627 62,6    -2,229  851,5   
628 62,7    -2,223  850 
629 62,8    -2,2185 849 
630 62,9    -2,217  848 
631 63  -2,2155 847,5   
632 63,1    -2,2125 847,5   
633 63,2    -2,2095 847 
634 63,3    -2,208  846 
635 63,4    -2,1915 844 
636 63,5    -2,1885 842,5   
637 63,6    -2,184  841,5   
638 63,7    -2,1825 841 
639 63,8    -2,184  841 
640 63,9    -2,1795 840,5   
641 64  -2,1735 839,5   
642 64,1    -2,172  839 
643 64,2    -2,1675 838 
644 64,3    -2,1645 837 
645 64,4    -2,1555 835,5   
646 64,5    -2,1465 833,5   
647 64,6    -2,142  832,5   
648 64,7    -2,1405 832 
649 64,8    -2,1345 831 
650 64,9    -2,121  828,5   
651 65  -2,106  825,5   
652 65,1    -2,0985 823 
653 65,2    -2,097  822,5   
654 65,3    -2,094  821,5   
655 65,4    -2,088  820,5   
656 65,5    -2,079  819 
657 65,6    -2,0715 817 
658 65,7    -2,07   816 
659 65,8    -2,0655 815,5   
660 65,9    -2,0565 814 
661 66  -2,0475 812 
662 66,1    -2,0445 810,5   
663 66,2    -2,0445 810 
664 66,3    -2,043  810 
665 66,4    -2,0415 809,5   
666 66,5    -2,0415 809,5   
667 66,6    -2,043  809,5   
668 66,7    -2,0445 809,5   
669 66,8    -2,043  809,5   
670 66,9    -2,043  809,5   
671 67  -2,043  809,5   
672 67,1    -2,04   809,5   
673 67,2    -2,0295 808 
674 67,3    -2,022  806 
675 67,4    -2,0115 803 
676 67,5    -1,9905 799,5   
677 67,6    -1,974  795,5   
678 67,7    -1,9665 793 
679 67,8    -1,9575 790,5   
680 67,9    -1,9485 788 
681 68  -1,941  786 
682 68,1    -1,9275 783,5   
683 68,2    -1,92   781 
684 68,3    -1,911  778,5   
685 68,4    -1,893  775 
686 68,5    -1,884  772 
687 68,6    -1,878  770 
688 68,7    -1,8735 768,5   
689 68,8    -1,86   765,5   
690 68,9    -1,854  763,5   
691 69  -1,848  761,5   
692 69,1    -1,8405 760 
693 69,2    -1,833  758,5   
694 69,3    -1,8195 756 
695 69,4    -1,8075 752,5   
696 69,5    -1,7985 750 
697 69,6    -1,788  747 
698 69,7    -1,779  744 
699 69,8    -1,77   742 
700 69,9    -1,7595 739 
701 70  -1,7505 736,5   
702 70,1    -1,743  734,5   
703 70,2    -1,737  732,5   
704 70,3    -1,7265 730 
705 70,4    -1,7205 728,5   
706 70,5    -1,713  726,5   
707 70,6    -1,7025 724 
708 70,7    -1,695  721,5   
709 70,8    -1,692  720 
710 70,9    -1,6905 719 
711 71  -1,6935 719 
712 71,1    -1,692  719 
713 71,2    -1,692  719 
714 71,3    -1,692  719 
715 71,4    -1,686  718,5   
716 71,5    -1,6635 714 
717 71,6    -1,656  710,5   
718 71,7    -1,644  708 
719 71,8    -1,6395 705 
720 71,9    -1,6245 702 
721 72  -1,611  698,5   
722 72,1    -1,605  695,5   
723 72,2    -1,5885 692 
724 72,3    -1,5645 686 
725 72,4    -1,56   683 
726 72,5    -1,5525 681 
727 72,6    -1,542  677,5   
728 72,7    -1,5315 674,5   
729 72,8    -1,527  673 
730 72,9    -1,527  672 
731 73  -1,524  671,5   
732 73,1    -1,518  670 
733 73,2    -1,5135 668 
734 73,3    -1,5    665 
735 73,4    -1,494  663 
736 73,5    -1,485  660,5   
737 73,6    -1,476  658 
738 73,7    -1,473  656,5   
739 73,8    -1,4685 655,5   
740 73,9    -1,467  654,5   
741 74  -1,4595 653 
742 74,1    -1,446  649,5   
743 74,2    -1,4385 647 
744 74,3    -1,431  644 
745 74,4    -1,4205 641,5   
746 74,5    -1,4145 639,5   
747 74,6    -1,4055 636,5   
748 74,7    -1,392  633 
749 74,8    -1,3815 630 
750 74,9    -1,3635 624,5   
751 75  -1,356  621,5   
752 75,1    -1,35   619,5   
753 75,2    -1,3425 617,5   
754 75,3    -1,329  613,5   
755 75,4    -1,323  610,5   
756 75,5    -1,32   609 
757 75,6    -1,314  607 
758 75,7    -1,308  605 
759 75,8    -1,305  604,5   
760 75,9    -1,3035 604 
761 76  -1,299  603 
762 76,1    -1,2975 602 
763 76,2    -1,29   600 
764 76,3    -1,29   599 
765 76,4    -1,287  598,5   
766 76,5    -1,284  597,5   
767 76,6    -1,2765 596 
768 76,7    -1,269  593,5   
769 76,8    -1,266  592 
770 76,9    -1,2615 590,5   
771 77  -1,257  589,5   
772 77,1    -1,254  587,5   
773 77,2    -1,2525 586,5   
774 77,3    -1,2465 586 
775 77,4    -1,233  582,5   
776 77,5    -1,227  580 
777 77,6    -1,2195 577 
778 77,7    -1,2075 574 
779 77,8    -1,209  573 
780 77,9    -1,209  572,5   
781 78  -1,2075 572,5   
782 78,1    -1,2105 572,5   
783 78,2    -1,209  572,5   
784 78,3    -1,1715 565,5   
785 78,4    -1,1595 560 
786 78,5    -1,152  556,5   
787 78,6    -1,134  551 
788 78,7    -1,1115 544,5   
789 78,8    -1,0905 537,5   
790 78,9    -1,077  532 
791 79  -1,059  526,5   
792 79,1    -1,047  521,5   
793 79,2    -1,026  515,5   
794 79,3    -1,0125 509,5   
795 79,4    -1,002  505 
796 79,5    -0,9975 503 
797 79,6    -0,975  497,5   
798 79,7    -0,948  489,5   
799 79,8    -0,9315 482 
800 79,9    -0,9315 479 
801 80  -0,909  474 
802 80,1    -0,882  465 
803 80,2    -0,8595 456,5   
804 80,3    -0,8475 451 
805 80,4    -0,837  447 
806 80,5    -0,8295 443 
807 80,6    -0,816  438,5   
808 80,7    -0,8025 433,5   
809 80,8    -0,7995 430,5   
810 80,9    -0,789  428 
811 81  -0,783  425 
812 81,1    -0,777  422,5   
813 81,2    -0,7695 419,5   
814 81,3    -0,7605 416,5   
815 81,4    -0,75   413,5   
816 81,5    -0,744  410,5   
817 81,6    -0,741  408 
818 81,7    -0,735  406 
819 81,8    -0,7335 405 
820 81,9    -0,732  404,5   
821 82  -0,7245 402,5   
822 82,1    -0,7215 401 
823 82,2    -0,714  398,5   
824 82,3    -0,708  396 
825 82,4    -0,7005 393 
826 82,5    -0,6915 389,5   
827 82,6    -0,681  386 
828 82,7    -0,669  381,5   
829 82,8    -0,66   378 
830 82,9    -0,657  375,5   
831 83  -0,6465 372,5   
832 83,1    -0,6375 368 
833 83,2    -0,627  364,5   
834 83,3    -0,6225 361,5   
835 83,4    -0,615  359 
836 83,5    -0,6135 357 
837 83,6    -0,6075 355,5   
838 83,7    -0,6    352,5   
839 83,8    -0,597  350,5   
840 83,9    -0,588  347 
841 84  -0,585  345 
842 84,1    -0,5805 343,5   
843 84,2    -0,576  341 
844 84,3    -0,573  340,5   
845 84,4    -0,57   339 
846 84,5    -0,5655 337 
847 84,6    -0,5625 335,5   
848 84,7    -0,5565 333,5   
849 84,8    -0,549  330,5   
850 84,9    -0,54   327 
851 85  -0,5325 323 
852 85,1    -0,5145 317 
853 85,2    -0,5115 313,5   
854 85,3    -0,504  310,5   
855 85,4    -0,4995 308 
856 85,5    -0,489  304,5   
857 85,6    -0,483  301 
858 85,7    -0,477  298,5   
859 85,8    -0,4725 296 
860 85,9    -0,468  294 
861 86  -0,462  290,5   
862 86,1    -0,456  288 
863 86,2    -0,453  287,5   
864 86,3    -0,456  287 
865 86,4    -0,456  286,5   
866 86,5    -0,4575 287 
867 86,6    -0,45   285,5   
868 86,7    -0,4155 273 
869 86,8    -0,3945 263 
870 86,9    -0,3735 253,5   
871 87  -0,3675 247,5   
872 87,1    -0,351  242,5   
873 87,2    -0,3375 235,5   
874 87,3    -0,318  226,5   
875 87,4    -0,294  214 
876 87,5    -0,291  210 
877 87,6    -0,2805 206 
878 87,7    -0,2655 199,5   
879 87,8    -0,2445 189,5   
880 87,9    -0,2175 178 
881 88  -0,2025 169 
882 88,1    -0,1965 163,5   
883 88,2    -0,1905 160,5   
884 88,3    -0,18   157 
885 88,4    -0,1605 148 
886 88,5    -0,147  141 
887 88,6    -0,1455 137 
888 88,7    -0,138  134 
889 88,8    -0,135  132 
890 88,9    -0,129  129,5   
891 89  -0,123  126,5   
892 89,1    -0,1155 123 
893 89,2    -0,1095 120 
894 89,3    -0,108  118,5   
895 89,4    -0,1065 117 
896 89,5    -0,1035 116 
897 89,6    -0,102  114,5   
898 89,7    -0,1005 113,5   
899 89,8    -0,09   110,5   
900 89,9    -0,078  106 
901 90  -0,0735 101,5   
902 90,1    -0,0645 97  
903 90,2    -0,0585 94,5    
904 90,3    -0,054  91,5    
905 90,4    -0,048  89  
906 90,5    -0,042  87  
907 90,6    -0,042  85,5    
908 90,7    -0,0375 83,5    
909 90,8    -0,033  81  
910 90,9    -0,0285 79,5    
911 91  -0,0255 77,5    
912 91,1    -0,021  75  
913 91,2    -0,018  73  
914 91,3    -0,0165 71,5    
915 91,4    -0,0135 71  
916 91,5    -0,0105 70  
917 91,6    -0,0045 67  
918 91,7    -0,0045 66  
919 91,8    -0,006  65,5    
920 91,9    -0,006  65,5    
921 92  -0,0045 65,5    
922 92,1    -0,0045 65  
923 92,2    -0,006  65  
924 92,3    -0,006  65  
925 92,4    -0,0045 65,5    
926 92,5    -0,006  65  
927 92,6    -0,006  65  
928 92,7    -0,0075 65,5    
929 92,8    -0,006  65,5    
930 92,9    0,0015  64  
931 93  -0,0015 63,5    
932 93,1    -0,003  49,5    
933 93,2    0,006   50  
934 93,3    0,006   50  
935 93,4    0,0075  50,5    
936 93,5    0,006   50,5    
937 93,6    0,0075  50  
938 93,7    0,0045  50,5    
939 93,8    0,0075  50  
940 93,9    0,006   50  
941 94  0,006   50  
942 94,1    0,009   50  
943 94,2    0,0135  49,5    
944 94,3    0,0135  49  
945 94,4    0,015   49  
946 94,5    0,0165  49  
947 94,6    0,0165  48,5    
948 94,7    0,0195  48  
949 94,8    0,0225  48  
950 94,9    0,0225  48  
951 95  0,0285  47  
952 95,1    0,03    46  
953 95,2    0,0315  45,5    
954 95,3    0,0375  45  
955 95,4    0,036   44  
956 95,5    0,0375  43  
957 95,6    0,0405  43  
958 95,7    0,042   41,5    
959 95,8    0,045   40,5    
960 95,9    0,0465  39,5    
961 96  0,048   39  
962 96,1    0,054   37,5    
963 96,2    0,06    34,5    
964 96,3    0,075   30  
965 96,4    0,084   24,5    
966 96,5    0,09    20,5    
967 96,6    0,093   18  
968 96,7    0,096   16,5    
969 96,8    0,0975  15,5    
970 96,9    0,096   15  
971 97  0,099   14  
972 97,1    0,099   14  
973 97,2    0,1005  13  
974 97,3    0,102   13  
975 97,4    0,105   12  
976 97,5    0,105   11  
977 97,6    0,108   10  
978 97,7    0,1095  9   
979 97,8    0,1155  7,5 
980 97,9    0,1155  6   
981 98  0,1215  4   
982 98,1    0,129   1   
983 98,2    0,135   -2  
984 98,3    0,138   -4  
985 98,4    0,144   -6  
986 98,5    0,1455  -8  
987 98,6    0,1455  -9,5    
988 98,7    0,147   -10 
989 98,8    0,15    -10,5   
990 98,9    0,15    -11 
991 99  0,1515  -11 
992 99,1    0,15    -11,5   
993 99,2    0,1485  -11,5   
994 99,3    0,1485  -11,5   
995 99,4    0,1485  -11,5   
996 99,5    0,15    -11,5   
997 99,6    0,15    -12 
998 99,7    0,1485  -12 
999 99,8    0,1515  -12 
1000    99,9    0,15    -12 
1001    100 0,1515  -12 
1002    100,1   0,1515  -12 
1003    100,2   0,1545  -12 
1004    100,3   0,153   -12,5   
1005    100,4   0,1515  -12,5   
1006    100,5   0,153   -12,5   
1007    100,6   0,1545  -13 
1008    100,7   0,1545  -14 
1009    100,8   0,159   -15 
1010    100,9   0,165   -16,5   
1011    101 0,168   -18,5   
1012    101,1   0,168   -20 
1013    101,2   0,1755  -21,5   
1014    101,3   0,18    -24 
1015    101,4   0,183   -26 
1016    101,5   0,186   -28 
1017    101,6   0,1875  -29 
1018    101,7   0,189   -30 
1019    101,8   0,198   -32 
1020    101,9   0,1995  -34 
1021    102 0,198   -34,5   
1022    102,1   0,2025  -35,5   
1023    102,2   0,21    -38 
1024    102,3   0,21    -39,5   
1025    102,4   0,2145  -41 
1026    102,5   0,216   -42,5   
1027    102,6   0,219   -44 
1028    102,7   0,222   -45,5   
1029    102,8   0,2265  -47 
1030    102,9   0,2295  -49 
1031    103 0,2265  -49 
1032    103,1   0,2295  -50 
1033    103,2   0,231   -50,5   
1034    103,3   0,2355  -51,5   
1035    103,4   0,2355  -52,5   
1036    103,5   0,237   -53 
1037    103,6   0,24    -53,5   
1038    103,7   0,2385  -54 
1039    103,8   0,2385  -54,5   
1040    103,9   0,2385  -55 
1041    104 0,2415  -55 
1042    104,1   0,24    -55,5   
1043    104,2   0,2415  -56 
1044    104,3   0,2415  -56 
1045    104,4   0,243   -56 
1046    104,5   0,243   -56 
1047    104,6   0,243   -56 
1048    104,7   0,2415  -56,5   
1049    104,8   0,2415  -56,5   
1050    104,9   0,2415  -56 
1051    105 0,24    -56,5   
1052    105,1   0,243   -56,5   
1053    105,2   0,2445  -56,5   
1054    105,3   0,243   -56,5   
1055    105,4   0,243   -57 
1056    105,5   0,2415  -56,5   
1057    105,6   0,2445  -57 
1058    105,7   0,2445  -57 
1059    105,8   0,2445  -57,5   
1060    105,9   0,249   -58,5   
1061    106 0,255   -60,5   
1062    106,1   0,2565  -62 
1063    106,2   0,2625  -64,5   
1064    106,3   0,2685  -67 
1065    106,4   0,2745  -69,5   
1066    106,5   0,276   -71,5   
1067    106,6   0,2835  -74,5   
1068    106,7   0,288   -76,5   
1069    106,8   0,2925  -78 
1070    106,9   0,2925  -79 
1071    107 0,291   -80 
1072    107,1   0,2925  -80,5   
1073    107,2   0,2955  -81 
1074    107,3   0,294   -81,5   
1075    107,4   0,2955  -82 
1076    107,5   0,294   -82 
1077    107,6   0,297   -82,5   
1078    107,7   0,297   -83,5   
1079    107,8   0,3 -84 
1080    107,9   0,3 -84 
1081    108 0,3 -84,5   
1082    108,1   0,303   -85 
1083    108,2   0,3105  -88 
1084    108,3   0,318   -90,5   
1085    108,4   0,3255  -94 
1086    108,5   0,333   -97,5   
1087    108,6   0,3375  -100,5  
1088    108,7   0,345   -103,5  
1089    108,8   0,3525  -107,5  
1090    108,9   0,3615  -110,5  
1091    109 0,3675  -114    
1092    109,1   0,3705  -116,5  
1093    109,2   0,3765  -119    
1094    109,3   0,3825  -122    
1095    109,4   0,3885  -124,5  
1096    109,5   0,3885  -125,5  
1097    109,6   0,39    -126,5  
1098    109,7   0,3945  -128,5  
1099    109,8   0,402   -131,5  
1100    109,9   0,4065  -133,5  
1101    110 0,411   -135,5  
1102    110,1   0,414   -137    
1103    110,2   0,414   -138    
1104    110,3   0,4155  -139,5  
1105    110,4   0,42    -140,5  
1106    110,5   0,423   -142    
1107    110,6   0,423   -143    
1108    110,7   0,4275  -144,5  
1109    110,8   0,4365  -147,5  
1110    110,9   0,438   -149    
1111    111 0,4455  -152    
1112    111,1   0,45    -154,5  
1113    111,2   0,459   -158    
1114    111,3   0,4695  -161,5  
1115    111,4   0,4695  -164    
1116    111,5   0,474   -166    
1117    111,6   0,48    -168    
1118    111,7   0,4875  -170,5  
1119    111,8   0,498   -176    
1120    111,9   0,504   -178,5  
1121    112 0,501   -180    
1122    112,1   0,5055  -181,5  
1123    112,2   0,51    -183,5  
1124    112,3   0,516   -185,5  
1125    112,4   0,5265  -190    
1126    112,5   0,5415  -195,5  
1127    112,6   0,552   -200    
1128    112,7   0,5565  -203    
1129    112,8   0,5625  -205,5  
1130    112,9   0,567   -208,5  
1131    113 0,576   -212    
1132    113,1   0,5805  -214,5  
1133    113,2   0,5805  -216,5  
1134    113,3   0,585   -218    
1135    113,4   0,588   -219,5  
1136    113,5   0,5895  -220,5  
1137    113,6   0,591   -221,5  
1138    113,7   0,591   -222    
1139    113,8   0,5925  -223    
1140    113,9   0,597   -224,5  
1141    114 0,6 -226    
1142    114,1   0,609   -229    
1143    114,2   0,618   -232    
1144    114,3   0,621   -234    
1145    114,4   0,627   -236,5  
1146    114,5   0,6345  -240,5  
1147    114,6   0,642   -243    
1148    114,7   0,6435  -244,5  
1149    114,8   0,645   -246    
1150    114,9   0,648   -247    
1151    115 0,6495  -248,5  
1152    115,1   0,657   -251    
1153    115,2   0,6615  -253    
1154    115,3   0,6615  -254    
1155    115,4   0,663   -255    
1156    115,5   0,6675  -257    
1157    115,6   0,675   -259,5  
1158    115,7   0,6765  -261    
1159    115,8   0,678   -262    
1160    115,9   0,6825  -263,5  
1161    116 0,684   -264,5  
1162    116,1   0,6885  -266    
1163    116,2   0,693   -268    
1164    116,3   0,699   -270,5  
1165    116,4   0,705   -273    
1166    116,5   0,705   -274,5  
1167    116,6   0,711   -275,5  
1168    116,7   0,7155  -277,5  
1169    116,8   0,726   -281    
1170    116,9   0,732   -285    
1171    117 0,735   -287    
1172    117,1   0,741   -289    
1173    117,2   0,7425  -290,5  
1174    117,3   0,7455  -292    
1175    117,4   0,762   -296    
1176    117,5   0,7605  -298    
1177    117,6   0,759   -298,5  
1178    117,7   0,7575  -299    
1179    117,8   0,7605  -299,5  
1180    117,9   0,765   -300,5  
1181    118 0,774   -302,5  
1182    118,1   0,783   -306,5  
1183    118,2   0,795   -311,5  
1184    118,3   0,8175  -318,5  
1185    118,4   0,8325  -325,5  
1186    118,5   0,8445  -331    
1187    118,6   0,8685  -339    
1188    118,7   0,891   -349    
1189    118,8   0,9075  -357    
1190    118,9   0,927   -365    
1191    119 0,9375  -370,5  
1192    119,1   0,951   -376,5  
1193    119,2   0,969   -383,5  
1194    119,3   0,99    -392    
1195    119,4   1,0005  -397,5  
1196    119,5   1,0035  -400,5  
1197    119,6   1,011   -403,5  
1198    119,7   1,0095  -405    
1199    119,8   1,008   -406    
1200    119,9   1,008   -406,5  
1201    120 1,0095  -407    
1202    120,1   1,0155  -408    
1203    120,2   1,026   -411    
1204    120,3   1,032   -413,5  
1205    120,4   1,053   -419    
1206    120,5   1,0695  -426    
1207    120,6   1,0875  -433    
1208    120,7   1,092   -436    
1209    120,8   1,1025  -439,5  
1210    120,9   1,113   -444    
1211    121 1,1325  -450,5  
1212    121,1   1,1475  -456,5  
1213    121,2   1,161   -462    
1214    121,3   1,1655  -465,5  
1215    121,4   1,1745  -469    
1216    121,5   1,191   -474    
1217    121,6   1,2045  -480    
1218    121,7   1,209   -483,5  
1219    121,8   1,2165  -485,5  
1220    121,9   1,2165  -487    
1221    122 1,221   -488    
1222    122,1   1,227   -490    
1223    122,2   1,2345  -493,5  
1224    122,3   1,2435  -496,5  
1225    122,4   1,2495  -499,5  
1226    122,5   1,2555  -501,5  
1227    122,6   1,2675  -505    
1228    122,7   1,275   -508    
1229    122,8   1,2855  -511,5  
1230    122,9   1,2915  -514,5  
1231    123 1,2975  -517    
1232    123,1   1,305   -519,5  
1233    123,2   1,305   -521    
1234    123,3   1,3065  -521,5  
1235    123,4   1,305   -522    
1236    123,5   1,3065  -522    
1237    123,6   1,3125  -523,5  
1238    123,7   1,317   -524,5  
1239    123,8   1,35    -532,5  
1240    123,9   1,3695  -539    
1241    124 1,383   -545    
1242    124,1   1,392   -549,5  
1243    124,2   1,41    -554,5  
1244    124,3   1,431   -561,5  
1245    124,4   1,4475  -567,5  
1246    124,5   1,467   -574,5  
1247    124,6   1,4805  -579,5  
1248    124,7   1,4865  -583    
1249    124,8   1,5 -587    
1250    124,9   1,5075  -590,5  
1251    125 1,5135  -593    
1252    125,1   1,521   -595,5  
1253    125,2   1,521   -597    
1254    125,3   1,5255  -598    
1255    125,4   1,536   -601    
1256    125,5   1,545   -604    
1257    125,6   1,5555  -607    
1258    125,7   1,5645  -610    
1259    125,8   1,575   -613    
1260    125,9   1,602   -620    
1261    126 1,6125  -624,5  
1262    126,1   1,614   -626,5  
1263    126,2   1,626   -629,5  
1264    126,3   1,6425  -634    
1265    126,4   1,647   -637    
1266    126,5   1,65    -639    
1267    126,6   1,653   -640    
1268    126,7   1,6605  -642    
1269    126,8   1,665   -643,5  
1270    126,9   1,668   -645    
1271    127 1,674   -647    
1272    127,1   1,68    -648,5  
1273    127,2   1,686   -650    
1274    127,3   1,6905  -652,5  
1275    127,4   1,698   -654    
1276    127,5   1,701   -655,5  
1277    127,6   1,7085  -657    
1278    127,7   1,713   -659    
1279    127,8   1,716   -660    
1280    127,9   1,716   -661    
1281    128 1,7205  -662    
1282    128,1   1,7295  -664    
1283    128,2   1,737   -665,5  
1284    128,3   1,743   -668    
1285    128,4   1,746   -669,5  
1286    128,5   1,7475  -670,5  
1287    128,6   1,7565  -672    
1288    128,7   1,7595  -674    
1289    128,8   1,7655  -675,5  
1290    128,9   1,773   -677,5  
1291    129 1,782   -680,5  
1292    129,1   1,7865  -682    
1293    129,2   1,794   -684    
1294    129,3   1,803   -686,5  
1295    129,4   1,806   -688    
1296    129,5   1,809   -689    
1297    129,6   1,8195  -691    
1298    129,7   1,8375  -695,5  
1299    129,8   1,8405  -697,5  
1300    129,9   1,8435  -699    
1301    130 1,845   -700    
1302    130,1   1,854   -702    
1303    130,2   1,857   -703,5  
1304    130,3   1,869   -705,5  
1305    130,4   1,881   -709    
1306    130,5   1,887   -711,5  
1307    130,6   1,8945  -713,5  
1308    130,7   1,9065  -716,5  
1309    130,8   1,9125  -719    
1310    130,9   1,917   -721    
1311    131 1,92    -722    
1312    131,1   1,9275  -723,5  
1313    131,2   1,9335  -725    
1314    131,3   1,9335  -726    
1315    131,4   1,9395  -727,5  
1316    131,5   1,9425  -728    
1317    131,6   1,95    -730    
1318    131,7   1,956   -732    
1319    131,8   1,9605  -733    
1320    131,9   1,9665  -734,5  
1321    132 1,974   -737    
1322    132,1   1,9785  -738    
1323    132,2   1,9785  -739,5  
1324    132,3   1,9785  -740    
1325    132,4   1,974   -739,5  
1326    132,5   1,977   -739,5  
1327    132,6   1,9755  -739,5  
1328    132,7   1,9845  -740    
1329    132,8   2,004   -744    
1330    132,9   2,028   -750    
1331    133 2,043   -754    
1332    133,1   2,061   -759,5  
1333    133,2   2,0835  -765    
1334    133,3   2,0955  -769,5  
1335    133,4   2,1075  -773,5  
1336    133,5   2,1255  -777,5  
1337    133,6   2,1495  -784    
1338    133,7   2,169   -787,5  
1339    133,8   2,1795  -791    
1340    133,9   2,187   -794    
1341    134 2,1915  -795,5  
1342    134,1   2,217   -801,5  
1343    134,2   2,232   -803,5  
1344    134,3   2,253   -809,5  
1345    134,4   2,2725  -814    
1346    134,5   2,2815  -817    
1347    134,6   2,2935  -820,5  
1348    134,7   2,2965  -822,5  
1349    134,8   2,3115  -825,5  
1350    134,9   2,3205  -828,5  
1351    135 2,325   -828    
1352    135,1   2,3235  -831,5  
1353    135,2   2,3235  -831    
1354    135,3   2,3235  -832    
1355    135,4   2,325   -831    
1356    135,5   2,3295  -833    
1357    135,6   2,358   -836    
1358    135,7   2,37    -838    
1359    135,8   2,3775  -839,5  
1360    135,9   2,397   -846    
1361    136 2,412   -849,5  
1362    136,1   2,4255  -850,5  
1363    136,2   2,436   -853    
1364    136,3   2,4615  -861,5  
1365    136,4   2,4765  -863    
1366    136,5   2,4765  -864,5  
1367    136,6   2,4765  -868    
1368    136,7   2,478   -864    
1369    136,8   2,484   -867    
1370    136,9   2,496   -868    
1371    137 2,499   -869,5  
1372    137,1   2,496   -869,5  
1373    137,2   2,496   -868,5  
1374    137,3   2,4975  -872    
1375    137,4   2,502   -873    
1376    137,5   2,5035  -870,5  
1377    137,6   2,511   -874,5  
1378    137,7   2,5215  -877    
1379    137,8   2,538   -879    
1380    137,9   2,55    -882,5  
1381    138 2,565   -885,5  
1382    138,1   2,5725  -887,5  
1383    138,2   2,5845  -885,5  
1384    138,3   2,6025  -889    
1385    138,4   2,61    -895    
1386    138,5   2,6175  -897,5  
1387    138,6   2,6205  -896,5  
1388    138,7   2,6385  -900    
1389    138,8   2,6505  -901,5  
1390    138,9   2,6565  -905    
1391    139 2,658   -901,5  
1392    139,1   2,667   -903,5  
1393    139,2   2,676   -907,5  
1394    139,3   2,6775  -907,5  
1395    139,4   2,6715  -908    
1396    139,5   2,6715  -906    
1397    139,6   2,6745  -907    
1398    139,7   2,6745  -910    
1399    139,8   2,6775  -908    
1400    139,9   2,6775  -907    
1401    140 2,6925  -907,5  
1402    140,1   2,7285  -917,5  
1403    140,2   2,7495  -920,5  
1404    140,3   2,784   -923    
1405    140,4   2,808   -932,5  
1406    140,5   2,826   -934    
1407    140,6   2,8395  -938,5  
1408    140,7   2,8485  -940,5  
1409    140,8   2,856   -939    
1410    140,9   2,8635  -941    
1411    141 2,8665  -944    
1412    141,1   2,874   -941    
1413    141,2   2,8815  -943,5  
1414    141,3   2,895   -948    
1415    141,4   2,9175  -949,5  
1416    141,5   2,931   -950    
1417    141,6   2,934   -956,5  
1418    141,7   2,943   -952    
1419    141,8   2,949   -954,5  
1420    141,9   2,952   -959,5  
1421    142 2,961   -955,5  
1422    142,1   2,967   -959,5  
1423    142,2   2,9715  -959    
1424    142,3   2,9715  -961    
1425    142,4   2,976   -964    
1426    142,5   2,9805  -959,5  
1427    142,6   2,988   -963,5  
1428    142,7   2,985   -964,5  
1429    142,8   2,985   -965,5  
1430    142,9   2,985   -960    
1431    143 2,9865  -961    
1432    143,1   2,988   -965    
1433    143,2   2,9865  -965,5  
1434    143,3   2,985   -965,5  
1435    143,4   2,985   -961    
1436    143,5   2,9835  -960    
1437    143,6   2,985   -964,5  
1438    143,7   2,979   -960    
1439    143,8   2,9625  -962    
1440    143,9   2,9535  -963    
1441    144 2,94    -957    
1442    144,1   2,922   -960    
1443    144,2   2,895   -953    
1444    144,3   2,874   -956    
1445    144,4   2,871   -951,5  
1446    144,5   2,868   -955    
1447    144,6   2,8635  -951,5  
1448    144,7   2,862   -955    
1449    144,8   2,853   -951    
1450    144,9   2,847   -952    
1451    145 2,844   -948    
1452    145,1   2,835   -948    
1453    145,2   2,8335  -947,5  
1454    145,3   2,826   -950,5  
1455    145,4   2,82    -950    
1456    145,5   2,817   -948    
1457    145,6   2,808   -945,5  
1458    145,7   2,8035  -948,5  
1459    145,8   2,7945  -943    
1460    145,9   2,7825  -946,5  
1461    146 2,775   -945,5  
1462    146,1   2,7705  -943    
1463    146,2   2,7705  -944    
1464    146,3   2,7645  -939,5  
1465    146,4   2,757   -944    
1466    146,5   2,7495  -942    
1467    146,6   2,7435  -942    
1468    146,7   2,736   -937    
1469    146,8   2,73    -936,5  
1470    146,9   2,7225  -939    
1471    147 2,715   -938    
1472    147,1   2,7075  -934    
1473    147,2   2,703   -936,5  
1474    147,3   2,697   -933,5  
1475    147,4   2,6865  -934    
1476    147,5   2,679   -930    
1477    147,6   2,673   -931,5  
1478    147,7   2,6655  -931    
1479    147,8   2,6595  -929,5  
1480    147,9   2,655   -930    
1481    148 2,6475  -927    
1482    148,1   2,643   -927    
1483    148,2   2,6415  -926,5  
1484    148,3   2,6385  -924,5  
1485    148,4   2,6355  -928    
1486    148,5   2,628   -923    
1487    148,6   2,6205  -923,5  
1488    148,7   2,6175  -923    
1489    148,8   2,613   -923    
1490    148,9   2,6085  -925,5  
1491    149 2,6025  -924    
1492    149,1   2,595   -923,5  
1493    149,2   2,5905  -921,5  
1494    149,3   2,586   -922,5  
1495    149,4   2,586   -922    
1496    149,5   2,574   -917,5  
1497    149,6   2,5695  -915,5  
1498    149,7   2,565   -919,5  
1499    149,8   2,5575  -914,5  
1500    149,9   2,547   -917,5  
1501    150 2,5425  -915    
1502    150,1   2,538   -913    
1503    150,2   2,535   -913,5  
1504    150,3   2,5365  -912    
1505    150,4   2,532   -913    
1506    150,5   2,5275  -912,5  
1507    150,6   2,526   -910    
1508    150,7   2,523   -908,5  
1509    150,8   2,52    -910,5  
1510    150,9   2,5155  -912    
1511    151 2,505   -910    
1512    151,1   2,502   -908    
1513    151,2   2,502   -909,5  
1514    151,3   2,499   -909,5  
1515    151,4   2,4915  -909    
1516    151,5   2,484   -906,5  
1517    151,6   2,4765  -902,5  
1518    151,7   2,4735  -903,5  
1519    151,8   2,475   -906    
1520    151,9   2,472   -903,5  
1521    152 2,466   -901    
1522    152,1   2,46    -904    
1523    152,2   2,454   -898,5  
1524    152,3   2,4525  -902,5  
1525    152,4   2,4525  -900,5  
1526    152,5   2,448   -897,5  
1527    152,6   2,4405  -898    
1528    152,7   2,4375  -895,5  
1529    152,8   2,4315  -895,5  
1530    152,9   2,4315  -897,5  
1531    153 2,4285  -897,5  
1532    153,1   2,424   -897    
1533    153,2   2,418   -892,5  
1534    153,3   2,418   -895    
1535    153,4   2,418   -892,5  
1536    153,5   2,418   -891,5  
1537    153,6   2,418   -896    
1538    153,7   2,415   -894,5  
1539    153,8   2,412   -891,5  
1540    153,9   2,4105  -892    
1541    154 2,4105  -891    
1542    154,1   2,409   -892    
1543    154,2   2,403   -890    
1544    154,3   2,3985  -891,5  
1545    154,4   2,394   -889    
1546    154,5   2,385   -887    
1547    154,6   2,3835  -889    
1548    154,7   2,3775  -885    
1549    154,8   2,373   -887    
1550    154,9   2,3685  -885    
1551    155 2,364   -887    
1552    155,1   2,364   -882,5  
1553    155,2   2,3595  -885    
1554    155,3   2,355   -885    
1555    155,4   2,352   -880,5  
1556    155,5   2,346   -881    
1557    155,6   2,3445  -879,5  
1558    155,7   2,3415  -879    
1559    155,8   2,334   -880,5  
1560    155,9   2,3325  -878    
1561    156 2,325   -877    
1562    156,1   2,322   -875,5  
1563    156,2   2,3205  -878    
1564    156,3   2,3115  -874    
1565    156,4   2,31    -873    
1566    156,5   2,3055  -872,5  
1567    156,6   2,301   -874    
1568    156,7   2,301   -874,5  
1569    156,8   2,2935  -872    
1570    156,9   2,2875  -871    
1571    157 2,283   -868    
1572    157,1   2,277   -870,5  
1573    157,2   2,2755  -870,5  
1574    157,3   2,2725  -868,5  
1575    157,4   2,2695  -866,5  
1576    157,5   2,265   -866    
1577    157,6   2,259   -868    
1578    157,7   2,247   -864,5  
1579    157,8   2,2335  -859    
1580    157,9   2,2215  -860,5  
1581    158 2,22    -855,5  
1582    158,1   2,214   -855    
1583    158,2   2,211   -856    
1584    158,3   2,208   -856,5  
1585    158,4   2,2035  -854,5  
1586    158,5   2,196   -854,5  
1587    158,6   2,1915  -852,5  
1588    158,7   2,178   -850,5  
1589    158,8   2,172   -848    
1590    158,9   2,163   -846,5  
1591    159 2,151   -842,5  
1592    159,1   2,148   -843    
1593    159,2   2,142   -841    
1594    159,3   2,139   -840    
1595    159,4   2,1345  -839,5  
1596    159,5   2,13    -838    
1597    159,6   2,1255  -839,5  
1598    159,7   2,1255  -837    
1599    159,8   2,124   -837,5  
1600    159,9   2,121   -838    
1601    160 2,115   -836,5  
1602    160,1   2,1075  -836    
1603    160,2   2,1045  -833    
1604    160,3   2,097   -830,5  
1605    160,4   2,088   -828,5  
1606    160,5   2,088   -828,5  
1607    160,6   2,0835  -828    
1608    160,7   2,0835  -826,5  
1609    160,8   2,079   -827,5  
1610    160,9   2,0715  -824    
1611    161 2,061   -823,5  
1612    161,1   2,058   -821    
1613    161,2   2,055   -823,5  
1614    161,3   2,0535  -820    
1615    161,4   2,049   -819    
1616    161,5   2,0475  -818    
1617    161,6   2,04    -820,5  
1618    161,7   2,037   -816,5  
1619    161,8   2,034   -818,5  
1620    161,9   2,0295  -817    
1621    162 2,028   -817    
1622    162,1   2,025   -814    
1623    162,2   2,022   -815,5  
1624    162,3   2,019   -813,5  
1625    162,4   2,013   -813,5  
1626    162,5   2,0085  -812,5  
1627    162,6   1,995   -808    
1628    162,7   1,992   -807    
1629    162,8   1,986   -806,5  
1630    162,9   1,9785  -805    
1631    163 1,9755  -804,5  
1632    163,1   1,9755  -802    
1633    163,2   1,9725  -802    
1634    163,3   1,965   -802    
1635    163,4   1,9605  -799,5  
1636    163,5   1,9545  -798    
1637    163,6   1,953   -798,5  
1638    163,7   1,9515  -797,5  
1639    163,8   1,95    -797    
1640    163,9   1,947   -797    
1641    164 1,9455  -797    
1642    164,1   1,9395  -793,5  
1643    164,2   1,9365  -794,5  
1644    164,3   1,9305  -791,5  
1645    164,4   1,9275  -790,5  
1646    164,5   1,923   -789,5  
1647    164,6   1,92    -789    
1648    164,7   1,917   -788    
1649    164,8   1,9125  -787    
1650    164,9   1,911   -787    
1651    165 1,908   -787    
1652    165,1   1,908   -785,5  
1653    165,2   1,905   -784,5  
1654    165,3   1,905   -785    
1655    165,4   1,902   -784    
1656    165,5   1,899   -785    
1657    165,6   1,89    -781,5  
1658    165,7   1,8825  -780,5  
1659    165,8   1,878   -778    
1660    165,9   1,866   -776    
1661    166 1,857   -774,5  
1662    166,1   1,854   -772    
1663    166,2   1,845   -770,5  
1664    166,3   1,8375  -769    
1665    166,4   1,824   -767    
1666    166,5   1,8195  -764    
1667    166,6   1,818   -763    
1668    166,7   1,815   -762,5  
1669    166,8   1,809   -761    
1670    166,9   1,803   -760    
1671    167 1,7955  -758    
1672    167,1   1,7925  -756,5  
1673    167,2   1,794   -756    
1674    167,3   1,794   -756    
1675    167,4   1,794   -756    
1676    167,5   1,7925  -756    
1677    167,6   1,7895  -755    
1678    167,7   1,7715  -752,5  
1679    167,8   1,7475  -747,5  
1680    167,9   1,722   -741    
1681    168 1,701   -734    
1682    168,1   1,6995  -731,5  
1683    168,2   1,692   -729,5  
1684    168,3   1,6755  -726,5  
1685    168,4   1,6605  -722    
1686    168,5   1,6335  -716    
1687    168,6   1,611   -708,5  
1688    168,7   1,5825  -702,5  
1689    168,8   1,5645  -695,5  
1690    168,9   1,557   -692    
1691    169 1,536   -687    
1692    169,1   1,5225  -682    
1693    169,2   1,5015  -677,5  
1694    169,3   1,4895  -673    
1695    169,4   1,4745  -668    
1696    169,5   1,4715  -666    
1697    169,6   1,4655  -664    
1698    169,7   1,461   -662,5  
1699    169,8   1,443   -658    
1700    169,9   1,4295  -654    
1701    170 1,4265  -651,5  
1702    170,1   1,422   -650    
1703    170,2   1,4205  -649    
1704    170,3   1,419   -648,5  
1705    170,4   1,4175  -648    
1706    170,5   1,413   -647    
1707    170,6   1,4055  -645    
1708    170,7   1,395   -642,5  
1709    170,8   1,389   -640,5  
1710    170,9   1,3815  -638,5  
1711    171 1,3635  -633,5  
1712    171,1   1,353   -629,5  
1713    171,2   1,341   -626,5  
1714    171,3   1,323   -621,5  
1715    171,4   1,314   -618    
1716    171,5   1,308   -615,5  
1717    171,6   1,3065  -614    
1718    171,7   1,3035  -612,5  
1719    171,8   1,299   -612    
1720    171,9   1,296   -610,5  
1721    172 1,2885  -608,5  
1722    172,1   1,2795  -605,5  
1723    172,2   1,275   -604    
1724    172,3   1,269   -602    
1725    172,4   1,266   -601    
1726    172,5   1,2645  -599,5  
1727    172,6   1,254   -598    
1728    172,7   1,2465  -596    
1729    172,8   1,2345  -592    
1730    172,9   1,233   -590,5  
1731    173 1,2315  -589,5  
1732    173,1   1,227   -588    
1733    173,2   1,221   -586    
1734    173,3   1,2165  -585    
1735    173,4   1,209   -583    
1736    173,5   1,206   -581,5  
1737    173,6   1,1865  -577    
1738    173,7   1,1895  -575,5  
1739    173,8   1,188   -575    
1740    173,9   1,1895  -575    
1741    174 1,1895  -574,5  
1742    174,1   1,185   -574,5  
1743    174,2   1,179   -573,5  
1744    174,3   1,1565  -568    
1745    174,4   1,1295  -559,5  
1746    174,5   1,098   -550    
1747    174,6   1,08    -543    
1748    174,7   1,062   -536,5  
1749    174,8   1,0335  -528,5  
1750    174,9   1,0065  -518    
1751    175 0,999   -513,5  
1752    175,1   0,9855  -509    
1753    175,2   0,9735  -504    
1754    175,3   0,9555  -498,5  
1755    175,4   0,933   -491    
1756    175,5   0,9225  -486    
1757    175,6   0,8985  -479    
1758    175,7   0,8865  -473    
1759    175,8   0,8805  -470,5  
1760    175,9   0,8565  -464,5  
1761    176 0,843   -457,5  
1762    176,1   0,8295  -452,5  
1763    176,2   0,819   -448,5  
1764    176,3   0,804   -442    
1765    176,4   0,798   -438,5  
1766    176,5   0,786   -434,5  
1767    176,6   0,78    -431,5  
1768    176,7   0,771   -429    
1769    176,8   0,756   -425    
1770    176,9   0,7455  -420    
1771    177 0,741   -416,5  
1772    177,1   0,7365  -414    
1773    177,2   0,726   -411,5  
1774    177,3   0,717   -408,5  
1775    177,4   0,7125  -406    
1776    177,5   0,711   -404,5  
1777    177,6   0,711   -403,5  
1778    177,7   0,7065  -402    
1779    177,8   0,7005  -401    
1780    177,9   0,7005  -400    
1781    178 0,696   -398,5  
1782    178,1   0,6915  -396,5  
1783    178,2   0,6795  -393    
1784    178,3   0,6735  -390,5  
1785    178,4   0,669   -388,5  
1786    178,5   0,663   -386    
1787    178,6   0,6495  -381,5  
1788    178,7   0,639   -377,5  
1789    178,8   0,6345  -375    
1790    178,9   0,624   -371,5  
1791    179 0,618   -367    
1792    179,1   0,6075  -364,5  
1793    179,2   0,597   -360    
1794    179,3   0,585   -355    
1795    179,4   0,5775  -351    
1796    179,5   0,5655  -347    
1797    179,6   0,5565  -343    
1798    179,7   0,549   -339    
1799    179,8   0,543   -335,5  
1800    179,9   0,534   -332    
1801    180 0,522   -327,5  
1802    180,1   0,513   -323,5  
1803    180,2   0,5115  -321,5  
1804    180,3   0,513   -321    
1805    180,4   0,5115  -321    
1806    180,5   0,516   -321    
1807    180,6   0,51    -320    
1808    180,7   0,498   -316,5  
1809    180,8   0,477   -309    
1810    180,9   0,4455  -296    
1811    181 0,414   -281,5  
1812    181,1   0,3885  -269,5  
1813    181,2   0,3795  -262,5  
1814    181,3   0,369   -258    
1815    181,4   0,3585  -252,5  
1816    181,5   0,3375  -244    
1817    181,6   0,312   -232,5  
1818    181,7   0,2955  -223,5  
1819    181,8   0,2895  -218,5  
1820    181,9   0,285   -216    
1821    182 0,282   -213,5  
1822    182,1   0,273   -209,5  
1823    182,2   0,2565  -203,5  
1824    182,3   0,24    -195,5  
1825    182,4   0,234   -190    
1826    182,5   0,2295  -187,5  
1827    182,6   0,222   -184,5  
1828    182,7   0,2205  -182    
1829    182,8   0,219   -180,5  
1830    182,9   0,2145  -179,5  
1831    183 0,2115  -178    
1832    183,1   0,2055  -175,5  
1833    183,2   0,192   -169,5  
1834    183,3   0,177   -164    
1835    183,4   0,1635  -156    
1836    183,5   0,165   -154    
1837    183,6   0,165   -153,5  
1838    183,7   0,1545  -151,5  
1839    183,8   0,153   -148,5  
1840    183,9   0,147   -146    
1841    184 0,138   -142,5  
1842    184,1   0,129   -138    
1843    184,2   0,1185  -133,5  
1844    184,3   0,1065  -128    
1845    184,4   0,0975  -122,5  
1846    184,5   0,078   -115    
1847    184,6   0,072   -110    
1848    184,7   0,063   -105,5  
1849    184,8   0,045   -98 
1850    184,9   0,042   -94,5   
1851    185 0,036   -91,5   
1852    185,1   0,033   -89,5   
1853    185,2   0,0315  -87,5   
1854    185,3   0,024   -86 
1855    185,4   0,0135  -82 
1856    185,5   0,003   -75,5   
1857    185,6   0,003   -73 
1858    185,7   0   -72,5   
1859    185,8   -0,0015 -71,5   
1860    185,9   0   -71 
1861    186 0,0015  -70,5   
1862    186,1   0   -70,5   
1863    186,2   0   -70,5   
1864    186,3   0   -70 
1865    186,4   -0,0015 -70 
1866    186,5   0   -70 
1867    186,6   0   -70 
1868    186,7   -0,0015 -70 
1869    186,8   -0,0015 -70 
1870    186,9   0   -70 
1871    187 0   -70 
1872    187,1   0,0015  -70 
1873    187,2   0   -70 
1874    187,3   0   -70 
1875    187,4   0   -70 
1876    187,5   -0,0015 -70 
1877    187,6   0,0015  -70 
1878    187,7   0,0015  -70 
1879    187,8   0   -70 
1880    187,9   0,0015  -70 
1881    188 0   -69,5   
1882    188,1   0,0015  -70 
1883    188,2   0   -70 
1884    188,3   -0,0015 -70 
1885    188,4   -0,0015 -70 
1886    188,5   0,0015  -70 
1887    188,6   0   -70 
1888    188,7   0   -70 
1889    188,8   -0,0015 -69,5   
1890    188,9   -0,0075 -68,5   
1891    189 -0,009  -67 
1892    189,1   -0,012  -65,5   
1893    189,2   -0,0195 -64 
1894    189,3   -0,0225 -61,5   
1895    189,4   -0,0255 -60 
1896    189,5   -0,03   -58 
1897    189,6   -0,033  -56,5   
1898    189,7   -0,036  -54,5   
1899    189,8   -0,0405 -52,5   
1900    189,9   -0,045  -50,5   
1901    190 -0,051  -48 
1902    190,1   -0,0585 -44,5   
1903    190,2   -0,066  -41 
1904    190,3   -0,072  -37 
1905    190,4   -0,0795 -34 
1906    190,5   -0,087  -30,5   
1907    190,6   -0,0915 -27,5   
1908    190,7   -0,0945 -26 
1909    190,8   -0,096  -24 
1910    190,9   -0,1005 -23 
1911    191 -0,1035 -21 
1912    191,1   -0,1065 -19,5   
1913    191,2   -0,111  -17,5   
1914    191,3   -0,114  -16,5   
1915    191,4   -0,1185 -14 
1916    191,5   -0,1215 -12 
1917    191,6   -0,1245 -10,5   
1918    191,7   -0,1275 -9  
1919    191,8   -0,1305 -6,5    
1920    191,9   -0,1335 -6  
1921    192 -0,1365 -4  
1922    192,1   -0,1425 -2,5    
1923    192,2   -0,147  0   
1924    192,3   -0,156  4   
1925    192,4   -0,171  9,5 
1926    192,5   -0,18   15  
1927    192,6   -0,189  19,5    
1928    192,7   -0,195  23  
1929    192,8   -0,2025 26  
1930    192,9   -0,2115 30  
1931    193 -0,2145 32,5    
1932    193,1   -0,2205 35,5    
1933    193,2   -0,2235 38  
1934    193,3   -0,2325 41  
1935    193,4   -0,2355 44,5    
1936    193,5   -0,2445 47  
1937    193,6   -0,2475 49,5    
1938    193,7   -0,255  52  
1939    193,8   -0,261  55  
1940    193,9   -0,267  58  
1941    194 -0,2715 61  
1942    194,1   -0,2775 63,5    
1943    194,2   -0,285  67  
1944    194,3   -0,288  69  
1945    194,4   -0,2895 70,5    
1946    194,5   -0,291  71  
1947    194,6   -0,2895 71,5    
1948    194,7   -0,2925 72  
1949    194,8   -0,2925 73  
1950    194,9   -0,2955 74  
1951    195 -0,2985 74,5    
1952    195,1   -0,3    76  
1953    195,2   -0,303  77,5    
1954    195,3   -0,309  80  
1955    195,4   -0,315  82  
1956    195,5   -0,3195 84  
1957    195,6   -0,324  86  
1958    195,7   -0,3315 90  
1959    195,8   -0,3375 92,5    
1960    195,9   -0,342  95  
1961    196 -0,348  98  
1962    196,1   -0,351  100 
1963    196,2   -0,357  102,5   
1964    196,3   -0,3615 104,5   
1965    196,4   -0,363  106 
1966    196,5   -0,363  107 
1967    196,6   -0,3675 108 
1968    196,7   -0,3675 109,5   
1969    196,8   -0,369  110,5   
1970    196,9   -0,3705 110 
1971    197 -0,3735 111,5   
1972    197,1   -0,3765 112,5   
1973    197,2   -0,384  115 
1974    197,3   -0,39   118,5   
1975    197,4   -0,3915 119,5   
1976    197,5   -0,3915 120 
1977    197,6   -0,3915 121 
1978    197,7   -0,396  122 
1979    197,8   -0,405  125,5   
1980    197,9   -0,4095 128 
1981    198 -0,4125 129,5   
1982    198,1   -0,4125 130 
1983    198,2   -0,414  131 
1984    198,3   -0,4185 132,5   
1985    198,4   -0,42   133,5   
1986    198,5   -0,423  134,5   
1987    198,6   -0,4245 136 
1988    198,7   -0,426  137 
1989    198,8   -0,429  138 
1990    198,9   -0,4365 141 
1991    199 -0,4455 144 
1992    199,1   -0,45   146,5   
1993    199,2   -0,4515 148,5   
1994    199,3   -0,456  150 
1995    199,4   -0,4575 151,5   
1996    199,5   -0,4605 152,5   
1997    199,6   -0,462  153 
1998    199,7   -0,4605 154 
1999    199,8   -0,465  155 
2000    199,9   -0,465  155,5   
2001    200 -0,465  156 
2002    200,1   -0,4665 156,5   
2003    200,2   -0,468  156,5   
2004    200,3   -0,4665 157 
2005    200,4   -0,468  157,5   
2006    200,5   -0,4695 158 
2007    200,6   -0,471  158,5   
2008    200,7   -0,4755 159,5   
2009    200,8   -0,477  161 
2010    200,9   -0,48   162 
2011    201 -0,483  163,5   
2012    201,1   -0,4845 164,5   
2013    201,2   -0,486  165,5   
2014    201,3   -0,4875 166,5   
2015    201,4   -0,489  167 
2016    201,5   -0,492  168 
2017    201,6   -0,4935 169 
2018    201,7   -0,495  170 
2019    201,8   -0,498  171 
2020    201,9   -0,501  173,5   
2021    202 -0,5055 174 
2022    202,1   -0,5085 175,5   
2023    202,2   -0,5115 177,5   
2024    202,3   -0,513  178,5   
2025    202,4   -0,5175 179,5   
2026    202,5   -0,525  182 
2027    202,6   -0,5325 185,5   
2028    202,7   -0,54   189 
2029    202,8   -0,543  191 
2030    202,9   -0,546  193 
2031    203 -0,549  194,5   
2032    203,1   -0,5535 196 
2033    203,2   -0,561  198,5   
2034    203,3   -0,576  204,5   
2035    203,4   -0,5835 209 
2036    203,5   -0,5925 212,5   
2037    203,6   -0,603  217,5   
2038    203,7   -0,6135 222 
2039    203,8   -0,6195 225,5   
2040    203,9   -0,6255 228 
2041    204 -0,6345 232 
2042    204,1   -0,642  236,5   
2043    204,2   -0,645  238 
2044    204,3   -0,6525 240,5   
2045    204,4   -0,66   244 
2046    204,5   -0,663  246 
2047    204,6   -0,666  248 
2048    204,7   -0,666  249,5   
2049    204,8   -0,6675 250 
2050    204,9   -0,669  251 
2051    205 -0,6735 252 
2052    205,1   -0,6795 254,5   
2053    205,2   -0,6855 257 
2054    205,3   -0,693  260 
2055    205,4   -0,6945 262 
2056    205,5   -0,7005 263,5   
2057    205,6   -0,705  265,5   
2058    205,7   -0,7095 268 
2059    205,8   -0,714  269,5   
2060    205,9   -0,714  271 
2061    206 -0,7215 274 
2062    206,1   -0,726  275,5   
2063    206,2   -0,7275 276,5   
2064    206,3   -0,735  279 
2065    206,4   -0,741  282,5   
2066    206,5   -0,7455 284,5   
2067    206,6   -0,747  285,5   
2068    206,7   -0,7665 291 
2069    206,8   -0,7785 296,5   
2070    206,9   -0,783  299 
2071    207 -0,7815 301 
2072    207,1   -0,7815 301,5   
2073    207,2   -0,783  302,5   
2074    207,3   -0,7875 303,5   
2075    207,4   -0,795  305 
2076    207,5   -0,795  307 
2077    207,6   -0,801  308,5   
2078    207,7   -0,8115 312 
2079    207,8   -0,8175 315 
2080    207,9   -0,8235 318 
2081    208 -0,8325 321,5   
2082    208,1   -0,8385 324,5   
2083    208,2   -0,843  326,5   
2084    208,3   -0,8475 329 
2085    208,4   -0,849  330,5   
2086    208,5   -0,8565 332,5   
2087    208,6   -0,8625 335 
2088    208,7   -0,8775 340 
2089    208,8   -0,882  343 
2090    208,9   -0,882  344,5   
2091    209 -0,8835 345,5   
2092    209,1   -0,891  348 
2093    209,2   -0,8955 350 
2094    209,3   -0,9    351 
2095    209,4   -0,9    353 
2096    209,5   -0,903  353,5   
2097    209,6   -0,9105 356 
2098    209,7   -0,9135 358 
2099    209,8   -0,918  360 
2100    209,9   -0,9225 361,5   
2101    210 -0,93   364,5   
2102    210,1   -0,9345 366,5   
2103    210,2   -0,936  367,5   
2104    210,3   -0,9375 368 
2105    210,4   -0,9405 369 
2106    210,5   -0,9435 370,5   
2107    210,6   -0,9435 371 
2108    210,7   -0,948  373 
2109    210,8   -0,954  374,5   
2110    210,9   -0,9555 375,5   
2111    211 -0,9615 377,5   
2112    211,1   -0,9675 380,5   
2113    211,2   -0,9675 381,5   
2114    211,3   -0,972  382,5   
2115    211,4   -0,9735 383,5   
2116    211,5   -0,9735 384,5   
2117    211,6   -0,9795 386,5   
2118    211,7   -0,987  388,5   
2119    211,8   -0,993  391 
2120    211,9   -1,002  393,5   
2121    212 -1,017  398,5   
2122    212,1   -1,0395 407 
2123    212,2   -1,0425 410 
2124    212,3   -1,0455 412 
2125    212,4   -1,0515 414,5   
2126    212,5   -1,059  417 
2127    212,6   -1,068  421 
2128    212,7   -1,065  421,5   
2129    212,8   -1,0665 422,5   
2130    212,9   -1,0665 423 
2131    213 -1,0695 424 
2132    213,1   -1,08   426 
2133    213,2   -1,0905 429,5   
2134    213,3   -1,1055 435 
2135    213,4   -1,131  442,5   
2136    213,5   -1,1445 449 
2137    213,6   -1,1535 453 
2138    213,7   -1,167  458 
2139    213,8   -1,1895 465 
2140    213,9   -1,2045 472 
2141    214 -1,218  477 
2142    214,1   -1,2345 483 
2143    214,2   -1,257  491 
2144    214,3   -1,2705 497 
2145    214,4   -1,299  505,5   
2146    214,5   -1,3125 512 
2147    214,6   -1,3125 515 
2148    214,7   -1,326  518,5   
2149    214,8   -1,359  528 
2150    214,9   -1,3665 532,5   
2151    215 -1,3725 536 
2152    215,1   -1,3845 540 
2153    215,2   -1,392  543,5   
2154    215,3   -1,398  545,5   
2155    215,4   -1,4115 549,5   
2156    215,5   -1,422  553,5   
2157    215,6   -1,422  555,5   
2158    215,7   -1,428  557 
2159    215,8   -1,4325 559 
2160    215,9   -1,446  562 
2161    216 -1,4505 564,5   
2162    216,1   -1,4625 568 
2163    216,2   -1,4685 571 
2164    216,3   -1,4775 574 
2165    216,4   -1,485  576 
2166    216,5   -1,5    580 
2167    216,6   -1,512  584 
2168    216,7   -1,524  588 
2169    216,8   -1,533  591,5   
2170    216,9   -1,5465 595,5   
2171    217 -1,5585 600 
2172    217,1   -1,5675 604 
2173    217,2   -1,581  607,5   
2174    217,3   -1,599  612,5   
2175    217,4   -1,608  616,5   
2176    217,5   -1,6095 618,5   
2177    217,6   -1,6155 620,5   
2178    217,7   -1,6275 623 
2179    217,8   -1,638  626,5   
2180    217,9   -1,653  630,5   
2181    218 -1,6635 634,5   
2182    218,1   -1,668  637 
2183    218,2   -1,674  638,5   
2184    218,3   -1,68   641 
2185    218,4   -1,6845 643 
2186    218,5   -1,6935 645 
2187    218,6   -1,698  647 
2188    218,7   -1,707  649 
2189    218,8   -1,713  651 
2190    218,9   -1,7175 653,5   
2191    219 -1,731  656,5   
2192    219,1   -1,737  658,5   
2193    219,2   -1,74   660 
2194    219,3   -1,7415 661 
2195    219,4   -1,7415 661,5   
2196    219,5   -1,7475 662,5   
2197    219,6   -1,7505 663,5   
2198    219,7   -1,761  666 
2199    219,8   -1,767  668 
2200    219,9   -1,77   669 
2201    220 -1,767  670 
2202    220,1   -1,7685 670 
2203    220,2   -1,7685 670 
2204    220,3   -1,7745 670,5   
2205    220,4   -1,806  676,5   
2206    220,5   -1,836  685,5   
2207    220,6   -1,851  691,5   
2208    220,7   -1,8795 697,5   
2209    220,8   -1,887  702,5   
2210    220,9   -1,9005 706,5   
2211    221 -1,9155 711 
2212    221,1   -1,938  716,5   
2213    221,2   -1,9575 722,5   
2214    221,3   -1,9755 728 
2215    221,4   -1,9815 731 
2216    221,5   -1,9935 734 
2217    221,6   -2,0175 739 
2218    221,7   -2,031  744 
2219    221,8   -2,037  746,5   
2220    221,9   -2,0445 748,5   
2221    222 -2,061  752,5   
2222    222,1   -2,079  756,5   
2223    222,2   -2,0895 760,5   
2224    222,3   -2,097  763,5   
2225    222,4   -2,115  767 
2226    222,5   -2,1345 771,5   
2227    222,6   -2,151  776,5   
2228    222,7   -2,1585 779,5   
2229    222,8   -2,166  782 
2230    222,9   -2,1735 784 
2231    223 -2,184  786,5   
2232    223,1   -2,19   788,5   
2233    223,2   -2,2005 790,5   
2234    223,3   -2,211  793,5   
2235    223,4   -2,22   796 
2236    223,5   -2,2245 797,5   
2237    223,6   -2,2365 799,5   
2238    223,7   -2,244  801,5   
2239    223,8   -2,259  804,5   
2240    223,9   -2,2665 807,5   
2241    224 -2,274  809,5   
2242    224,1   -2,28   811,5   
2243    224,2   -2,2845 813 
2244    224,3   -2,2905 814 
2245    224,4   -2,301  816 
2246    224,5   -2,307  818 
2247    224,6   -2,3115 819,5   
2248    224,7   -2,316  820,5   
2249    224,8   -2,322  821,5   
2250    224,9   -2,3295 823,5   
2251    225 -2,337  825 
2252    225,1   -2,346  827 
2253    225,2   -2,3565 829,5   
2254    225,3   -2,3625 831 
2255    225,4   -2,3685 832,5   
2256    225,5   -2,373  833,5   
2257    225,6   -2,3745 834,5   
2258    225,7   -2,379  835 
2259    225,8   -2,3835 836,5   
2260    225,9   -2,391  838 
2261    226 -2,3985 839,5   
2262    226,1   -2,403  840,5   
2263    226,2   -2,4105 842 
2264    226,3   -2,4105 843,5   
2265    226,4   -2,412  843,5   
2266    226,5   -2,4135 843,5   
2267    226,6   -2,4165 844 
2268    226,7   -2,421  845 
2269    226,8   -2,4255 846,5   
2270    226,9   -2,427  847 
2271    227 -2,4225 846,5   
2272    227,1   -2,424  847 
2273    227,2   -2,4255 846,5   
2274    227,3   -2,427  847 
2275    227,4   -2,442  849 
2276    227,5   -2,469  854 
2277    227,6   -2,4885 858,5   
2278    227,7   -2,5095 863 
2279    227,8   -2,523  866,5   
2280    227,9   -2,5335 869,5   
2281    228 -2,55   872,5   
2282    228,1   -2,5725 877 
2283    228,2   -2,5815 879,5   
2284    228,3   -2,5875 881 
2285    228,4   -2,5935 882,5   
2286    228,5   -2,5995 884 
2287    228,6   -2,6085 886 
2288    228,7   -2,619  887,5   
2289    228,8   -2,631  890 
2290    228,9   -2,6415 892,5   
2291    229 -2,649  894 
2292    229,1   -2,6595 896 
2293    229,2   -2,6715 898 
2294    229,3   -2,682  900,5   
2295    229,4   -2,6955 903 
2296    229,5   -2,7015 904,5   
2297    229,6   -2,709  906 
2298    229,7   -2,721  908 
2299    229,8   -2,7285 909,5   
2300    229,9   -2,7345 911 
2301    230 -2,739  912,5   
2302    230,1   -2,7435 913,5   
2303    230,2   -2,748  914 
2304    230,3   -2,751  914,5   
2305    230,4   -2,754  915,5   
2306    230,5   -2,7585 916 
2307    230,6   -2,7675 917 
2308    230,7   -2,775  918,5   
2309    230,8   -2,781  919,5   
2310    230,9   -2,784  920,5   
2311    231 -2,7855 921,5   
2312    231,1   -2,787  921,5   
2313    231,2   -2,784  921,5   
2314    231,3   -2,7885 921,5   
2315    231,4   -2,787  921,5   
2316    231,5   -2,784  921,5   
2317    231,6   -2,7855 921,5   
2318    231,7   -2,7885 921,5   
2319    231,8   -2,796  922,5   
2320    231,9   -2,8035 923,5   
2321    232 -2,823  926,5   
2322    232,1   -2,8365 929 
2323    232,2   -2,8395 930,5   
2324    232,3   -2,844  931,5   
2325    232,4   -2,847  932,5   
2326    232,5   -2,862  934 
2327    232,6   -2,8665 935 
2328    232,7   -2,8695 936 
2329    232,8   -2,8695 936 
2330    232,9   -2,8725 936,5   
2331    233 -2,8875 938 
2332    233,1   -2,9055 941 
2333    233,2   -2,9115 943 
2334    233,3   -2,919  944,5   
2335    233,4   -2,9265 945,5   
2336    233,5   -2,934  946,5   
2337    233,6   -2,9355 947,5   
2338    233,7   -2,94   948 
2339    233,8   -2,9415 948,5   
2340    233,9   -2,943  948,5   
2341    234 -2,946  949 
2342    234,1   -2,952  950 
2343    234,2   -2,9565 950,5   
2344    234,3   -2,9565 951 
2345    234,4   -2,9565 951 
2346    234,5   -2,9595 951,5   
2347    234,6   -2,964  951,5   
2348    234,7   -2,964  952 
2349    234,8   -2,967  952,5   
2350    234,9   -2,97   952,5   
2351    235 -2,97   953 
2352    235,1   -2,973  953 
2353    235,2   -2,976  954 
2354    235,3   -2,979  954,5   
2355    235,4   -2,9775 954,5   
2356    235,5   -2,9775 954,5   
2357    235,6   -2,979  954,5   
2358    235,7   -2,979  954,5   
2359    235,8   -2,9805 954,5   
2360    235,9   -2,9775 954,5   
2361    236 -2,979  954,5   
2362    236,1   -2,9775 954,5   
2363    236,2   -2,9775 954,5   
2364    236,3   -2,9775 954,5   
2365    236,4   -2,9775 954,5   
2366    236,5   -2,9775 954,5   
2367    236,6   -2,9805 954 
2368    236,7   -2,9775 954,5   
2369    236,8   -2,976  954,5   
2370    236,9   -2,979  954,5   
2371    237 -2,9775 954,5   
2372    237,1   -2,9775 954,5   
2373    237,2   -2,979  954,5   
2374    237,3   -2,979  954,5   
2375    237,4   -2,9775 954,5   
2376    237,5   -2,9775 954,5   
2377    237,6   -2,9775 954,5   
2378    237,7   -2,979  954,5   
2379    237,8   -2,976  954,5   
2380    237,9   -2,9775 954,5   
2381    238 -2,976  954,5   
2382    238,1   -2,979  954,5   
2383    238,2   -2,9775 954,5   
2384    238,3   -2,9775 954,5   
2385    238,4   -2,9775 954,5   
2386    238,5   -2,979  954,5   
2387    238,6   -2,976  954,5   
2388    238,7   -2,979  954,5   
2389    238,8   -2,9775 954,5   