MIN=0	-3	-1000	0	
MAX=320	3	1000	5	
SCALE=100	1	500	1	
DEC=1	3	0	3	
DEF="Zeit" t / s	"Strom" I_A1 / A	"Magn. Flussdichte" B_B1 / mT	"Frequenz" f / Hz	
0	0	0,5	NAN	
0,1	0	0,5	NAN	
0,2	0	0,5	NAN	
0,3	0	0	NAN	
0,4	0,0015	0,5	NAN	
0,5	0	0,5	NAN	
0,6	0	0,5	NAN	
0,7	0	0,5	NAN	
0,8	0	0	NAN	
0,9	-0,0015	0,5	NAN	
1	0	0,5	NAN	
1,1	0	0,5	NAN	
1,2	0	0,5	NAN	
1,3	0	0,5	NAN	
1,4	0	0,5	NAN	
1,5	0	0,5	NAN	
1,6	0	0,5	NAN	
1,7	0	0	NAN	
1,8	0	0,5	NAN	
1,9	-0,0015	0	NAN	
2	0	0,5	NAN	
2,1	-0,0015	0	NAN	
2,2	-0,0015	0	NAN	
2,3	0	0,5	NAN	
2,4	0	0	NAN	
2,5	0	0,5	NAN	
2,6	0	0	NAN	
2,7	0	0	NAN	
2,8	0	0	NAN	
2,9	-0,0015	0	NAN	
3	0	0	NAN	
3,1	0	0	NAN	
3,2	0	0,5	NAN	
3,3	0	0	NAN	
3,4	0	0,5	NAN	
3,5	0	0	NAN	
3,6	0	0	NAN	
3,7	0	0	NAN	
3,8	0	0	NAN	
3,9	0	0,5	NAN	
4	0	0	NAN	
4,1	0	0,5	NAN	
4,2	0	0,5	NAN	
4,3	0	0,5	NAN	
4,4	0	0	NAN	
4,5	0	0,5	NAN	
4,6	0	0	NAN	
4,7	0	0,5	NAN	
4,8	0,0015	0,5	NAN	
4,9	0	0,5	NAN	
5	0	0,5	NAN	
5,1	-0,0015	0	NAN	
5,2	0	0,5	NAN	
5,3	0	0	NAN	
5,4	0	0	NAN	
5,5	-0,0015	0	NAN	
5,6	-0,0015	0	NAN	
5,7	0	0,5	NAN	
5,8	0	0,5	NAN	
5,9	0	0	NAN	
6	0	0	NAN	
6,1	0	0,5	NAN	
6,2	-0,0015	0	NAN	
6,3	0	1	NAN	
6,4	0	0,5	NAN	
6,5	0	0	NAN	
6,6	0	0,5	NAN	
6,7	0	0,5	NAN	
6,8	0	0,5	NAN	
6,9	0	0	NAN	
7	0	0	NAN	
7,1	0	0	NAN	
7,2	0,0015	0	NAN	
7,3	-0,0015	0	NAN	
7,4	0	0,5	NAN	
7,5	0	0,5	NAN	
7,6	-0,0015	0,5	NAN	
7,7	0	0	NAN	
7,8	0	0	NAN	
7,9	0,0015	0,5	NAN	
8	0	0	NAN	
8,1	0	0	NAN	
8,2	0,003	0	NAN	
8,3	-0,0255	4	NAN	
8,4	-0,0615	12	NAN	
8,5	-0,087	20,5	NAN	
8,6	-0,1095	28	NAN	
8,7	-0,1185	33,5	NAN	
8,8	-0,114	34,5	NAN	
8,9	-0,1155	34,5	NAN	
9	-0,1215	35	NAN	
9,1	-0,1305	37,5	NAN	
9,2	-0,1545	45,5	NAN	
9,3	-0,1665	50,5	NAN	
9,4	-0,168	52,5	NAN	
9,5	-0,177	55,5	NAN	
9,6	-0,1845	59	NAN	
9,7	-0,192	62	NAN	
9,8	-0,1995	65	NAN	
9,9	-0,2085	68,5	NAN	
10	-0,2145	71,5	NAN	
10,1	-0,2145	73	NAN	
10,2	-0,2235	74,5	NAN	
10,3	-0,2295	78	NAN	
10,4	-0,2325	79,5	NAN	
10,5	-0,231	80	NAN	
10,6	-0,246	85	NAN	
10,7	-0,258	88	NAN	
10,8	-0,2565	91,5	NAN	
10,9	-0,264	93	NAN	
11	-0,282	99	NAN	
11,1	-0,288	103,5	NAN	
11,2	-0,2865	105	NAN	
11,3	-0,294	106,5	NAN	
11,4	-0,3075	112	NAN	
11,5	-0,3105	115	NAN	
11,6	-0,324	119	NAN	
11,7	-0,3255	121	NAN	
11,8	-0,3315	123,5	NAN	
11,9	-0,348	131	NAN	
12	-0,36	135,5	NAN	
12,1	-0,3615	138	NAN	
12,2	-0,363	139	NAN	
12,3	-0,3675	140,5	NAN	
12,4	-0,381	144,5	NAN	
12,5	-0,381	147,5	NAN	
12,6	-0,378	148	NAN	
12,7	-0,4035	154,5	NAN	
12,8	-0,4095	159	NAN	
12,9	-0,411	161,5	NAN	
13	-0,4155	163,5	NAN	
13,1	-0,417	164	NAN	
13,2	-0,42	165,5	NAN	
13,3	-0,4245	167	NAN	
13,4	-0,438	172	NAN	
13,5	-0,453	178,5	NAN	
13,6	-0,4605	182	NAN	
13,7	-0,4695	187	NAN	
13,8	-0,468	188	NAN	
13,9	-0,468	188,5	NAN	
14	-0,474	189,5	NAN	
14,1	-0,486	194	NAN	
14,2	-0,492	198,5	NAN	
14,3	-0,513	205,5	NAN	
14,4	-0,5235	210	NAN	
14,5	-0,5295	214	NAN	
14,6	-0,5325	215,5	NAN	
14,7	-0,5325	217	NAN	
14,8	-0,537	218	NAN	
14,9	-0,5475	222,5	NAN	
15	-0,5505	224	NAN	
15,1	-0,5595	227,5	NAN	
15,2	-0,567	231,5	NAN	
15,3	-0,5715	233	NAN	
15,4	-0,576	236	NAN	
15,5	-0,5835	239,5	NAN	
15,6	-0,585	240	NAN	
15,7	-0,588	241	NAN	
15,8	-0,5925	243	NAN	
15,9	-0,6015	246,5	NAN	
16	-0,6045	249	NAN	
16,1	-0,612	251,5	NAN	
16,2	-0,621	254	NAN	
16,3	-0,6195	255	NAN	
16,4	-0,6225	256,5	NAN	
16,5	-0,6405	262	NAN	
16,6	-0,6435	265	NAN	
16,7	-0,6435	266	NAN	
16,8	-0,6555	269	NAN	
16,9	-0,672	275,5	NAN	
17	-0,6825	280,5	NAN	
17,1	-0,6885	283,5	NAN	
17,2	-0,687	284	NAN	
17,3	-0,6855	285	NAN	
17,4	-0,6945	286,5	NAN	
17,5	-0,699	289,5	NAN	
17,6	-0,705	291	NAN	
17,7	-0,7095	292,5	NAN	
17,8	-0,7185	297	NAN	
17,9	-0,7215	299	NAN	
18	-0,723	300	NAN	
18,1	-0,7335	302,5	NAN	
18,2	-0,738	305	NAN	
18,3	-0,75	308,5	NAN	
18,4	-0,756	312,5	NAN	
18,5	-0,7635	316	NAN	
18,6	-0,768	318	NAN	
18,7	-0,759	317	NAN	
18,8	-0,7605	317,5	NAN	
18,9	-0,762	317	NAN	
19	-0,78	320,5	NAN	
19,1	-0,7935	325,5	NAN	
19,2	-0,7935	327	NAN	
19,3	-0,8295	338,5	NAN	
19,4	-0,8385	344	NAN	
19,5	-0,843	347,5	NAN	
19,6	-0,849	349	NAN	
19,7	-0,8505	350,5	NAN	
19,8	-0,849	351	NAN	
19,9	-0,8475	350,5	NAN	
20	-0,852	351,5	NAN	
20,1	-0,855	353,5	NAN	
20,2	-0,864	355	NAN	
20,3	-0,867	357,5	NAN	
20,4	-0,885	362,5	NAN	
20,5	-0,8955	367	NAN	
20,6	-0,918	374,5	NAN	
20,7	-0,9195	378	NAN	
20,8	-0,9165	378,5	NAN	
20,9	-0,921	379	NAN	
21	-0,9195	380	NAN	
21,1	-0,9345	382,5	NAN	
21,2	-0,9345	384,5	NAN	
21,3	-0,942	386	NAN	
21,4	-0,9435	386,5	NAN	
21,5	-0,9465	387,5	NAN	
21,6	-0,9495	389,5	NAN	
21,7	-0,9525	391	NAN	
21,8	-0,9585	392,5	NAN	
21,9	-0,963	394	NAN	
22	-0,963	395	NAN	
22,1	-0,9645	395	NAN	
22,2	-0,9645	395,5	NAN	
22,3	-0,9585	395	NAN	
22,4	-0,96	395	NAN	
22,5	-0,951	394,5	NAN	
22,6	-0,954	394	NAN	
22,7	-0,957	394,5	NAN	
22,8	-0,9555	395	NAN	
22,9	-0,9735	397,5	NAN	
23	-0,9915	405,5	NAN	
23,1	-1,017	411	NAN	
23,2	-1,032	417,5	NAN	
23,3	-1,062	427,5	NAN	
23,4	-1,074	432,5	NAN	
23,5	-1,0965	440	NAN	
23,6	-1,1025	444	NAN	
23,7	-1,11	449,5	NAN	
23,8	-1,1205	451,5	NAN	
23,9	-1,1295	455	NAN	
24	-1,1565	461	NAN	
24,1	-1,1685	467,5	NAN	
24,2	-1,179	471	NAN	
24,3	-1,1895	474,5	NAN	
24,4	-1,1955	477	NAN	
24,5	-1,1925	478,5	NAN	
24,6	-1,1895	478,5	NAN	
24,7	-1,206	481	NAN	
24,8	-1,2285	486	NAN	
24,9	-1,2405	491	NAN	
25	-1,251	496,5	NAN	
25,1	-1,2525	498	NAN	
25,2	-1,2585	499,5	NAN	
25,3	-1,26	500	NAN	
25,4	-1,2615	501	NAN	
25,5	-1,272	503	NAN	
25,6	-1,275	505,5	NAN	
25,7	-1,278	506	NAN	
25,8	-1,2855	508	NAN	
25,9	-1,2855	509	NAN	
26	-1,2915	510,5	NAN	
26,1	-1,2945	511,5	NAN	
26,2	-1,3005	513	NAN	
26,3	-1,305	515,5	NAN	
26,4	-1,305	516,5	NAN	
26,5	-1,308	516,5	NAN	
26,6	-1,3125	518	NAN	
26,7	-1,3125	519	NAN	
26,8	-1,3155	519,5	NAN	
26,9	-1,32	520,5	NAN	
27	-1,3245	521,5	NAN	
27,1	-1,329	523	NAN	
27,2	-1,3335	524	NAN	
27,3	-1,338	525	NAN	
27,4	-1,3395	526,5	NAN	
27,5	-1,3425	527	NAN	
27,6	-1,341	528	NAN	
27,7	-1,35	529,5	NAN	
27,8	-1,359	532	NAN	
27,9	-1,362	533,5	NAN	
28	-1,365	534,5	NAN	
28,1	-1,368	535,5	NAN	
28,2	-1,3725	537	NAN	
28,3	-1,3725	538	NAN	
28,4	-1,383	540,5	NAN	
28,5	-1,3905	543	NAN	
28,6	-1,383	543,5	NAN	
28,7	-1,3755	542	NAN	
28,8	-1,3755	542	NAN	
28,9	-1,3755	542	NAN	
29	-1,3815	542,5	NAN	
29,1	-1,401	545,5	NAN	
29,2	-1,4085	548	NAN	
29,3	-1,4325	554,5	NAN	
29,4	-1,47	563,5	NAN	
29,5	-1,4805	570,5	NAN	
29,6	-1,497	574,5	NAN	
29,7	-1,5045	578	NAN	
29,8	-1,53	584	NAN	
29,9	-1,542	588,5	NAN	
30	-1,53	589	NAN	
30,1	-1,548	591,5	NAN	
30,2	-1,551	593	NAN	
30,3	-1,5645	596,5	NAN	
30,4	-1,572	599,5	NAN	
30,5	-1,581	602,5	NAN	
30,6	-1,596	606	NAN	
30,7	-1,5975	607,5	NAN	
30,8	-1,6095	610,5	NAN	
30,9	-1,611	612	NAN	
31	-1,6125	613	NAN	
31,1	-1,6185	615	NAN	
31,2	-1,6185	615	NAN	
31,3	-1,6125	615	NAN	
31,4	-1,6335	617,5	NAN	
31,5	-1,6395	621	NAN	
31,6	-1,6395	621,5	NAN	
31,7	-1,647	622,5	NAN	
31,8	-1,6455	623,5	NAN	
31,9	-1,641	623,5	NAN	
32	-1,6485	624,5	NAN	
32,1	-1,671	628,5	NAN	
32,2	-1,6695	629,5	NAN	
32,3	-1,6785	632,5	NAN	
32,4	-1,6695	632,5	NAN	
32,5	-1,6875	634,5	NAN	
32,6	-1,6995	638,5	NAN	
32,7	-1,707	640,5	NAN	
32,8	-1,707	641,5	NAN	
32,9	-1,7085	642	NAN	
33	-1,7055	641,5	NAN	
33,1	-1,7085	642	NAN	
33,2	-1,707	642	NAN	
33,3	-1,725	645	NAN	
33,4	-1,755	652	NAN	
33,5	-1,7895	660,5	NAN	
33,6	-1,8165	669	NAN	
33,7	-1,836	676	NAN	
33,8	-1,8525	681	NAN	
33,9	-1,854	683	NAN	
34	-1,8495	684	NAN	
34,1	-1,857	686	NAN	
34,2	-1,893	691	NAN	
34,3	-1,9005	696	NAN	
34,4	-1,905	697,5	NAN	
34,5	-1,9095	699,5	NAN	
34,6	-1,9095	700,5	NAN	
34,7	-1,917	702	NAN	
34,8	-1,9275	703,5	NAN	
34,9	-1,9545	710,5	NAN	
35	-1,9515	712	NAN	
35,1	-1,962	713,5	NAN	
35,2	-1,9635	715	NAN	
35,3	-1,968	715,5	NAN	
35,4	-1,968	716,5	NAN	
35,5	-1,971	717	NAN	
35,6	-1,98	719	NAN	
35,7	-1,983	720	NAN	
35,8	-1,983	720,5	NAN	
35,9	-1,989	721	NAN	
36	-1,995	723	NAN	
36,1	-1,995	723,5	NAN	
36,2	-1,9965	724	NAN	
36,3	-1,9965	724,5	NAN	
36,4	-2,007	726	NAN	
36,5	-2,01	727	NAN	
36,6	-2,022	729,5	NAN	
36,7	-2,025	731	NAN	
36,8	-2,0415	733,5	NAN	
36,9	-2,043	735,5	NAN	
37	-2,049	737	NAN	
37,1	-2,0505	738,5	NAN	
37,2	-2,0535	739,5	NAN	
37,3	-2,052	740	NAN	
37,4	-2,067	741,5	NAN	
37,5	-2,0655	742,5	NAN	
37,6	-2,067	743	NAN	
37,7	-2,076	744	NAN	
37,8	-2,0775	745	NAN	
37,9	-2,088	748	NAN	
38	-2,088	748,5	NAN	
38,1	-2,091	749	NAN	
38,2	-2,094	749,5	NAN	
38,3	-2,0925	750,5	NAN	
38,4	-2,1015	751,5	NAN	
38,5	-2,097	751,5	NAN	
38,6	-2,1	752,5	NAN	
38,7	-2,097	752	NAN	
38,8	-2,088	751,5	NAN	
38,9	-2,106	753	NAN	
39	-2,142	759	NAN	
39,1	-2,1495	762	NAN	
39,2	-2,1495	764	NAN	
39,3	-2,1585	766	NAN	
39,4	-2,1555	767	NAN	
39,5	-2,19	771	NAN	
39,6	-2,1945	775,5	NAN	
39,7	-2,199	776,5	NAN	
39,8	-2,196	777	NAN	
39,9	-2,2185	779	NAN	
40	-2,217	781,5	NAN	
40,1	-2,2275	783,5	NAN	
40,2	-2,2305	784,5	NAN	
40,3	-2,253	789	NAN	
40,4	-2,259	791,5	NAN	
40,5	-2,265	793	NAN	
40,6	-2,2725	794,5	NAN	
40,7	-2,271	795	NAN	
40,8	-2,277	796	NAN	
40,9	-2,28	797,5	NAN	
41	-2,2785	797,5	NAN	
41,1	-2,283	798	NAN	
41,2	-2,2875	798,5	NAN	
41,3	-2,2935	800,5	NAN	
41,4	-2,319	805	NAN	
41,5	-2,3265	808	NAN	
41,6	-2,3295	809	NAN	
41,7	-2,334	810	NAN	
41,8	-2,337	810,5	NAN	
41,9	-2,3355	811	NAN	
42	-2,337	811	NAN	
42,1	-2,3415	812	NAN	
42,2	-2,3505	813	NAN	
42,3	-2,331	813	NAN	
42,4	-2,337	813	NAN	
42,5	-2,334	813	NAN	
42,6	-2,3385	813	NAN	
42,7	-2,343	813,5	NAN	
42,8	-2,352	814	NAN	
42,9	-2,364	817	NAN	
43	-2,358	817	NAN	
43,1	-2,3745	819	NAN	
43,2	-2,4015	823	NAN	
43,3	-2,415	827	NAN	
43,4	-2,4165	828,5	NAN	
43,5	-2,424	830,5	NAN	
43,6	-2,4405	832,5	NAN	
43,7	-2,4375	834	NAN	
43,8	-2,451	835,5	NAN	
43,9	-2,46	838	NAN	
44	-2,469	840	NAN	
44,1	-2,4645	840,5	NAN	
44,2	-2,4675	841	NAN	
44,3	-2,478	842	NAN	
44,4	-2,4795	843,5	NAN	
44,5	-2,4765	844	NAN	
44,6	-2,4855	844,5	NAN	
44,7	-2,481	844,5	NAN	
44,8	-2,4915	845,5	NAN	
44,9	-2,4945	846	NAN	
45	-2,4885	846	NAN	
45,1	-2,499	847	NAN	
45,2	-2,4945	847,5	NAN	
45,3	-2,502	848	NAN	
45,4	-2,508	849	NAN	
45,5	-2,5065	849,5	NAN	
45,6	-2,4975	849	NAN	
45,7	-2,4825	848	NAN	
45,8	-2,493	848,5	NAN	
45,9	-2,5035	849,5	NAN	
46	-2,511	849,5	NAN	
46,1	-2,523	851,5	NAN	
46,2	-2,5395	854,5	NAN	
46,3	-2,5395	856	NAN	
46,4	-2,5545	858	NAN	
46,5	-2,5575	860	NAN	
46,6	-2,5515	860	NAN	
46,7	-2,5635	861	NAN	
46,8	-2,559	860,5	NAN	
46,9	-2,559	861	NAN	
47	-2,5575	861	NAN	
47,1	-2,5515	860,5	NAN	
47,2	-2,562	861	NAN	
47,3	-2,58	863,5	NAN	
47,4	-2,5905	866	NAN	
47,5	-2,5905	867	NAN	
47,6	-2,61	869,5	NAN	
47,7	-2,6145	871	NAN	
47,8	-2,613	872	NAN	
47,9	-2,6205	873,5	NAN	
48	-2,6265	874,5	NAN	
48,1	-2,6325	875,5	NAN	
48,2	-2,6325	876	NAN	
48,3	-2,631	875,5	NAN	
48,4	-2,6265	876	NAN	
48,5	-2,6325	876	NAN	
48,6	-2,6325	876,5	NAN	
48,7	-2,6325	876	NAN	
48,8	-2,631	876	NAN	
48,9	-2,6325	876,5	NAN	
49	-2,6295	876	NAN	
49,1	-2,6295	876	NAN	
49,2	-2,631	876	NAN	
49,3	-2,634	876,5	NAN	
49,4	-2,6355	876,5	NAN	
49,5	-2,634	876,5	NAN	
49,6	-2,6385	877	NAN	
49,7	-2,637	877	NAN	
49,8	-2,6355	877,5	NAN	
49,9	-2,6415	877,5	NAN	
50	-2,643	878	NAN	
50,1	-2,6415	877,5	NAN	
50,2	-2,637	878	NAN	
50,3	-2,637	877,5	NAN	
50,4	-2,6415	878	NAN	
50,5	-2,6415	878,5	NAN	
50,6	-2,646	878,5	NAN	
50,7	-2,6505	879,5	NAN	
50,8	-2,6535	880	NAN	
50,9	-2,6565	880,5	NAN	
51	-2,655	880,5	NAN	
51,1	-2,655	881	NAN	
51,2	-2,667	882	NAN	
51,3	-2,6835	885	NAN	
51,4	-2,6985	888	NAN	
51,5	-2,7075	890	NAN	
51,6	-2,7135	891	NAN	
51,7	-2,718	892	NAN	
51,8	-2,7135	892	NAN	
51,9	-2,715	892,5	NAN	
52	-2,715	892,5	NAN	
52,1	-2,715	892,5	NAN	
52,2	-2,7105	892	NAN	
52,3	-2,715	892	NAN	
52,4	-2,715	892,5	NAN	
52,5	-2,712	892,5	NAN	
52,6	-2,712	892,5	NAN	
52,7	-2,7135	892	NAN	
52,8	-2,715	892	NAN	
52,9	-2,7225	893	NAN	
53	-2,7345	894,5	NAN	
53,1	-2,736	895,5	NAN	
53,2	-2,742	897	NAN	
53,3	-2,745	897	NAN	
53,4	-2,7465	898,5	NAN	
53,5	-2,754	899,5	NAN	
53,6	-2,7615	900,5	NAN	
53,7	-2,7645	901,5	NAN	
53,8	-2,7615	901,5	NAN	
53,9	-2,7645	901,5	NAN	
54	-2,763	901,5	NAN	
54,1	-2,7645	901,5	NAN	
54,2	-2,766	901,5	NAN	
54,3	-2,766	902	NAN	
54,4	-2,766	902	NAN	
54,5	-2,7645	902	NAN	
54,6	-2,763	902	NAN	
54,7	-2,7645	902	NAN	
54,8	-2,7675	902	NAN	
54,9	-2,763	901,5	NAN	
55	-2,763	901,5	NAN	
55,1	-2,7615	901,5	NAN	
55,2	-2,7585	901,5	NAN	
55,3	-2,76	901,5	NAN	
55,4	-2,7615	901,5	NAN	
55,5	-2,7585	901,5	NAN	
55,6	-2,763	901,5	NAN	
55,7	-2,763	901,5	NAN	
55,8	-2,7585	901,5	NAN	
55,9	-2,757	901	NAN	
56	-2,7645	901,5	NAN	
56,1	-2,7615	901,5	NAN	
56,2	-2,763	902	NAN	
56,3	-2,7645	901,5	NAN	
56,4	-2,763	902	NAN	
56,5	-2,7645	902	NAN	
56,6	-2,7645	902	NAN	
56,7	-2,766	902	NAN	
56,8	-2,766	902	NAN	
56,9	-2,766	902	NAN	
57	-2,763	902	NAN	
57,1	-2,7615	902	NAN	
57,2	-2,7645	902	NAN	
57,3	-2,763	902	NAN	
57,4	-2,76	901,5	NAN	
57,5	-2,754	901	NAN	
57,6	-2,7525	901	NAN	
57,7	-2,7555	901,5	NAN	
57,8	-2,757	901	NAN	
57,9	-2,7525	901	NAN	
58	-2,7645	901,5	NAN	
58,1	-2,7465	900,5	NAN	
58,2	-2,7525	901	NAN	
58,3	-2,7525	901	NAN	
58,4	-2,757	901	NAN	
58,5	-2,7615	901,5	NAN	
58,6	-2,7615	901,5	NAN	
58,7	-2,7615	901,5	NAN	
58,8	-2,7585	901,5	NAN	
58,9	-2,763	901,5	NAN	
59	-2,7615	902	NAN	
59,1	-2,7615	901,5	NAN	
59,2	-2,7555	901	NAN	
59,3	-2,7285	899,5	NAN	
59,4	-2,727	899	NAN	
59,5	-2,7015	897	NAN	
59,6	-2,7015	896,5	NAN	
59,7	-2,694	896	NAN	
59,8	-2,697	895,5	NAN	
59,9	-2,6745	894	NAN	
60	-2,676	893,5	NAN	
60,1	-2,676	893	NAN	
60,2	-2,6775	893,5	NAN	
60,3	-2,6655	893	NAN	
60,4	-2,6625	892	NAN	
60,5	-2,6595	892	NAN	
60,6	-2,6655	892	NAN	
60,7	-2,664	892,5	NAN	
60,8	-2,655	892	NAN	
60,9	-2,6625	892	NAN	
61	-2,6445	891	NAN	
61,1	-2,6535	891	NAN	
61,2	-2,637	890	NAN	
61,3	-2,634	889,5	NAN	
61,4	-2,634	889,5	NAN	
61,5	-2,625	888,5	NAN	
61,6	-2,631	888,5	NAN	
61,7	-2,619	888	NAN	
61,8	-2,589	885,5	NAN	
61,9	-2,589	884	NAN	
62	-2,562	881	NAN	
62,1	-2,5725	881	NAN	
62,2	-2,58	882	NAN	
62,3	-2,5875	882	NAN	
62,4	-2,58	882	NAN	
62,5	-2,5875	882,5	NAN	
62,6	-2,58	882	NAN	
62,7	-2,5785	882	NAN	
62,8	-2,586	882	NAN	
62,9	-2,5785	881,5	NAN	
63	-2,5725	881,5	NAN	
63,1	-2,5635	880,5	NAN	
63,2	-2,559	880	NAN	
63,3	-2,5545	879,5	NAN	
63,4	-2,5455	878,5	NAN	
63,5	-2,5365	878	NAN	
63,6	-2,529	877	NAN	
63,7	-2,5245	876	NAN	
63,8	-2,5275	876	NAN	
63,9	-2,5275	876	NAN	
64	-2,529	876	NAN	
64,1	-2,5305	876	NAN	
64,2	-2,5185	875	NAN	
64,3	-2,49	872,5	NAN	
64,4	-2,4855	871	NAN	
64,5	-2,4765	869	NAN	
64,6	-2,469	869	NAN	
64,7	-2,4855	869,5	NAN	
64,8	-2,481	869,5	NAN	
64,9	-2,4705	869	NAN	
65	-2,466	868,5	NAN	
65,1	-2,466	868	NAN	
65,2	-2,4615	867,5	NAN	
65,3	-2,4705	867,5	NAN	
65,4	-2,4645	867	NAN	
65,5	-2,457	866	NAN	
65,6	-2,4675	867	NAN	
65,7	-2,46	866,5	NAN	
65,8	-2,457	866	NAN	
65,9	-2,4705	867	NAN	
66	-2,463	866,5	NAN	
66,1	-2,4555	866	NAN	
66,2	-2,4315	864	NAN	
66,3	-2,4225	861,5	NAN	
66,4	-2,424	861	NAN	
66,5	-2,412	860	NAN	
66,6	-2,421	860,5	NAN	
66,7	-2,4225	860,5	NAN	
66,8	-2,424	861	NAN	
66,9	-2,424	861	NAN	
67	-2,4255	860,5	NAN	
67,1	-2,4255	861	NAN	
67,2	-2,4255	861	NAN	
67,3	-2,4225	860,5	NAN	
67,4	-2,3865	857,5	NAN	
67,5	-2,3625	852,5	NAN	
67,6	-2,349	849	NAN	
67,7	-2,334	848,5	NAN	
67,8	-2,3175	846	NAN	
67,9	-2,3295	845,5	NAN	
68	-2,322	845	NAN	
68,1	-2,31	843,5	NAN	
68,2	-2,2995	841,5	NAN	
68,3	-2,2875	840	NAN	
68,4	-2,289	840	NAN	
68,5	-2,2815	838,5	NAN	
68,6	-2,2695	836,5	NAN	
68,7	-2,253	834	NAN	
68,8	-2,2545	833,5	NAN	
68,9	-2,244	832,5	NAN	
69	-2,2455	832	NAN	
69,1	-2,2545	832,5	NAN	
69,2	-2,247	832	NAN	
69,3	-2,2455	831,5	NAN	
69,4	-2,226	829	NAN	
69,5	-2,2185	826,5	NAN	
69,6	-2,2215	826,5	NAN	
69,7	-2,223	826,5	NAN	
69,8	-2,226	827	NAN	
69,9	-2,193	823	NAN	
70	-2,202	822	NAN	
70,1	-2,19	821	NAN	
70,2	-2,1915	821	NAN	
70,3	-2,1915	820,5	NAN	
70,4	-2,175	818,5	NAN	
70,5	-2,16	815,5	NAN	
70,6	-2,1375	811,5	NAN	
70,7	-2,1435	811	NAN	
70,8	-2,142	811	NAN	
70,9	-2,139	810,5	NAN	
71	-2,142	810,5	NAN	
71,1	-2,1195	808,5	NAN	
71,2	-2,0865	802,5	NAN	
71,3	-2,091	800,5	NAN	
71,4	-2,0745	798	NAN	
71,5	-2,091	798,5	NAN	
71,6	-2,0925	799	NAN	
71,7	-2,091	799	NAN	
71,8	-2,085	798	NAN	
71,9	-2,0655	795	NAN	
72	-2,058	794	NAN	
72,1	-2,0475	792	NAN	
72,2	-2,043	790,5	NAN	
72,3	-2,0445	790	NAN	
72,4	-2,043	790	NAN	
72,5	-2,04	789	NAN	
72,6	-2,049	790	NAN	
72,7	-2,04	789,5	NAN	
72,8	-2,0415	789,5	NAN	
72,9	-2,052	790	NAN	
73	-2,0415	789,5	NAN	
73,1	-2,0505	789,5	NAN	
73,2	-2,019	787,5	NAN	
73,3	-2,0175	784,5	NAN	
73,4	-2,0085	783	NAN	
73,5	-2,001	781	NAN	
73,6	-1,9995	780	NAN	
73,7	-1,992	777,5	NAN	
73,8	-1,9875	777	NAN	
73,9	-1,995	777	NAN	
74	-1,9935	777	NAN	
74,1	-1,98	776	NAN	
74,2	-1,9665	774	NAN	
74,3	-1,98	774	NAN	
74,4	-1,971	773,5	NAN	
74,5	-1,965	772,5	NAN	
74,6	-1,9635	771,5	NAN	
74,7	-1,962	771	NAN	
74,8	-1,9485	769,5	NAN	
74,9	-1,9545	768,5	NAN	
75	-1,9485	767,5	NAN	
75,1	-1,944	766,5	NAN	
75,2	-1,9335	765,5	NAN	
75,3	-1,8975	760	NAN	
75,4	-1,908	758	NAN	
75,5	-1,9035	756,5	NAN	
75,6	-1,9155	757	NAN	
75,7	-1,899	756	NAN	
75,8	-1,8945	755	NAN	
75,9	-1,9005	755	NAN	
76	-1,9005	755	NAN	
76,1	-1,893	754,5	NAN	
76,2	-1,9005	754,5	NAN	
76,3	-1,881	753	NAN	
76,4	-1,8885	752,5	NAN	
76,5	-1,887	752	NAN	
76,6	-1,8795	750	NAN	
76,7	-1,8675	748,5	NAN	
76,8	-1,878	749	NAN	
76,9	-1,878	749	NAN	
77	-1,8765	749	NAN	
77,1	-1,878	749	NAN	
77,2	-1,86	747,5	NAN	
77,3	-1,8405	743,5	NAN	
77,4	-1,842	742	NAN	
77,5	-1,8435	741	NAN	
77,6	-1,8315	738,5	NAN	
77,7	-1,827	738	NAN	
77,8	-1,8195	736,5	NAN	
77,9	-1,809	735	NAN	
78	-1,806	733	NAN	
78,1	-1,8015	732	NAN	
78,2	-1,7895	730	NAN	
78,3	-1,7895	728,5	NAN	
78,4	-1,77	725	NAN	
78,5	-1,764	722,5	NAN	
78,6	-1,761	721,5	NAN	
78,7	-1,755	720,5	NAN	
78,8	-1,749	718,5	NAN	
78,9	-1,731	715,5	NAN	
79	-1,728	711,5	NAN	
79,1	-1,7235	710	NAN	
79,2	-1,7265	710	NAN	
79,3	-1,7265	709,5	NAN	
79,4	-1,716	709	NAN	
79,5	-1,7085	707,5	NAN	
79,6	-1,692	704	NAN	
79,7	-1,6875	700,5	NAN	
79,8	-1,665	697	NAN	
79,9	-1,6725	697	NAN	
80	-1,68	697	NAN	
80,1	-1,665	695,5	NAN	
80,2	-1,6695	695,5	NAN	
80,3	-1,665	693,5	NAN	
80,4	-1,6395	689	NAN	
80,5	-1,635	687	NAN	
80,6	-1,629	685,5	NAN	
80,7	-1,6365	685,5	NAN	
80,8	-1,6365	686	NAN	
80,9	-1,632	685,5	NAN	
81	-1,611	682	NAN	
81,1	-1,62	682	NAN	
81,2	-1,617	681	NAN	
81,3	-1,608	678,5	NAN	
81,4	-1,6155	679,5	NAN	
81,5	-1,6155	679,5	NAN	
81,6	-1,6185	679,5	NAN	
81,7	-1,6155	679,5	NAN	
81,8	-1,623	680	NAN	
81,9	-1,6065	679	NAN	
82	-1,611	679	NAN	
82,1	-1,611	679,5	NAN	
82,2	-1,605	678	NAN	
82,3	-1,6035	677,5	NAN	
82,4	-1,605	677,5	NAN	
82,5	-1,6065	677,5	NAN	
82,6	-1,608	677,5	NAN	
82,7	-1,6095	677,5	NAN	
82,8	-1,6095	677,5	NAN	
82,9	-1,5945	676,5	NAN	
83	-1,575	672,5	NAN	
83,1	-1,5525	667	NAN	
83,2	-1,524	659	NAN	
83,3	-1,5045	654,5	NAN	
83,4	-1,485	646,5	NAN	
83,5	-1,4775	643,5	NAN	
83,6	-1,4325	635,5	NAN	
83,7	-1,434	630	NAN	
83,8	-1,425	628	NAN	
83,9	-1,419	625,5	NAN	
84	-1,4055	622,5	NAN	
84,1	-1,395	619	NAN	
84,2	-1,401	618	NAN	
84,3	-1,389	616	NAN	
84,4	-1,398	616	NAN	
84,5	-1,392	615,5	NAN	
84,6	-1,383	614,5	NAN	
84,7	-1,3815	613	NAN	
84,8	-1,3725	611	NAN	
84,9	-1,3605	608,5	NAN	
85	-1,3575	607	NAN	
85,1	-1,359	606,5	NAN	
85,2	-1,3455	604	NAN	
85,3	-1,335	600	NAN	
85,4	-1,3215	596	NAN	
85,5	-1,3065	591,5	NAN	
85,6	-1,308	590	NAN	
85,7	-1,3095	590	NAN	
85,8	-1,3125	590	NAN	
85,9	-1,314	590	NAN	
86	-1,314	590,5	NAN	
86,1	-1,314	590,5	NAN	
86,2	-1,2915	587,5	NAN	
86,3	-1,2855	585	NAN	
86,4	-1,263	579,5	NAN	
86,5	-1,2525	576	NAN	
86,6	-1,248	572,5	NAN	
86,7	-1,248	571,5	NAN	
86,8	-1,239	569,5	NAN	
86,9	-1,215	563,5	NAN	
87	-1,2225	561,5	NAN	
87,1	-1,2	559	NAN	
87,2	-1,1895	554	NAN	
87,3	-1,1895	553	NAN	
87,4	-1,167	549	NAN	
87,5	-1,161	545	NAN	
87,6	-1,1325	539,5	NAN	
87,7	-1,125	535	NAN	
87,8	-1,1265	533	NAN	
87,9	-1,128	531,5	NAN	
88	-1,125	531	NAN	
88,1	-1,119	530	NAN	
88,2	-1,0905	524,5	NAN	
88,3	-1,0995	523	NAN	
88,4	-1,092	521,5	NAN	
88,5	-1,08	519,5	NAN	
88,6	-1,074	516,5	NAN	
88,7	-1,059	512	NAN	
88,8	-1,0425	507	NAN	
88,9	-1,0125	499,5	NAN	
89	-1,02	496	NAN	
89,1	-1,014	495	NAN	
89,2	-1,0095	493,5	NAN	
89,3	-1,02	492,5	NAN	
89,4	-1,02	493,5	NAN	
89,5	-1,0215	493,5	NAN	
89,6	-1,02	493	NAN	
89,7	-1,0035	492	NAN	
89,8	-0,99	489,5	NAN	
89,9	-0,951	479	NAN	
90	-0,9405	471,5	NAN	
90,1	-0,9405	469,5	NAN	
90,2	-0,93	466,5	NAN	
90,3	-0,921	463,5	NAN	
90,4	-0,885	455	NAN	
90,5	-0,861	445	NAN	
90,6	-0,8445	439	NAN	
90,7	-0,846	435	NAN	
90,8	-0,8325	432,5	NAN	
90,9	-0,831	430,5	NAN	
91	-0,825	429	NAN	
91,1	-0,801	422,5	NAN	
91,2	-0,7845	416	NAN	
91,3	-0,786	414	NAN	
91,4	-0,786	413	NAN	
91,5	-0,7785	412	NAN	
91,6	-0,7665	409	NAN	
91,7	-0,762	405,5	NAN	
91,8	-0,7545	403	NAN	
91,9	-0,744	399,5	NAN	
92	-0,7425	397,5	NAN	
92,1	-0,7365	395,5	NAN	
92,2	-0,7275	392	NAN	
92,3	-0,714	386,5	NAN	
92,4	-0,708	384,5	NAN	
92,5	-0,711	384,5	NAN	
92,6	-0,714	384	NAN	
92,7	-0,711	384	NAN	
92,8	-0,7035	383	NAN	
92,9	-0,702	381,5	NAN	
93	-0,6915	378	NAN	
93,1	-0,681	375	NAN	
93,2	-0,6705	372	NAN	
93,3	-0,6585	366	NAN	
93,4	-0,6405	360,5	NAN	
93,5	-0,636	356,5	NAN	
93,6	-0,6195	352	NAN	
93,7	-0,6165	348,5	NAN	
93,8	-0,6225	348,5	NAN	
93,9	-0,6255	349	NAN	
94	-0,624	349	NAN	
94,1	-0,624	349	NAN	
94,2	-0,621	348,5	NAN	
94,3	-0,609	347	NAN	
94,4	-0,6015	342,5	NAN	
94,5	-0,5775	334,5	NAN	
94,6	-0,5625	328	NAN	
94,7	-0,546	321,5	NAN	
94,8	-0,534	315,5	NAN	
94,9	-0,5265	312	NAN	
95	-0,519	309,5	NAN	
95,1	-0,504	304	NAN	
95,2	-0,48	292,5	NAN	
95,3	-0,4635	285	NAN	
95,4	-0,4575	282	NAN	
95,5	-0,4485	278	NAN	
95,6	-0,435	272	NAN	
95,7	-0,432	269,5	NAN	
95,8	-0,417	263,5	NAN	
95,9	-0,411	260,5	NAN	
96	-0,3885	252,5	NAN	
96,1	-0,375	244	NAN	
96,2	-0,3765	242	NAN	
96,3	-0,3765	241,5	NAN	
96,4	-0,3645	239	NAN	
96,5	-0,363	236,5	NAN	
96,6	-0,3585	235	NAN	
96,7	-0,3465	231,5	NAN	
96,8	-0,342	227,5	NAN	
96,9	-0,3345	225	NAN	
97	-0,3195	219	NAN	
97,1	-0,3195	216,5	NAN	
97,2	-0,2955	207	NAN	
97,3	-0,3	205,5	NAN	
97,4	-0,2955	203,5	NAN	
97,5	-0,2895	201,5	NAN	
97,6	-0,288	200,5	NAN	
97,7	-0,2835	198,5	NAN	
97,8	-0,2835	198	NAN	
97,9	-0,291	199	NAN	
98	-0,2775	196	NAN	
98,1	-0,2775	195	NAN	
98,2	-0,267	192,5	NAN	
98,3	-0,252	185	NAN	
98,4	-0,24	180	NAN	
98,5	-0,2235	173,5	NAN	
98,6	-0,2115	166	NAN	
98,7	-0,207	162,5	NAN	
98,8	-0,195	158,5	NAN	
98,9	-0,186	154	NAN	
99	-0,177	149,5	NAN	
99,1	-0,174	147	NAN	
99,2	-0,1725	145	NAN	
99,3	-0,174	145	NAN	
99,4	-0,1725	144	NAN	
99,5	-0,171	143,5	NAN	
99,6	-0,156	139,5	NAN	
99,7	-0,117	122,5	NAN	
99,8	-0,072	103,5	NAN	
99,9	-0,0285	85	NAN	
100	-0,009	73	NAN	
100,1	-0,0015	65	NAN	
100,2	-0,003	62	NAN	
100,3	0	60,5	NAN	
100,4	0,0015	59,5	NAN	
100,5	0,0015	59	NAN	
100,6	0	58,5	NAN	
100,7	0,003	58,5	NAN	
100,8	0	58,5	NAN	
100,9	0,0015	58	NAN	
101	0	58	NAN	
101,1	0	58	NAN	
101,2	-0,0015	58	NAN	
101,3	0	58	NAN	
101,4	0,0015	58	NAN	
101,5	0	58	NAN	
101,6	0	58	NAN	
101,7	0,0015	58	NAN	
101,8	-0,0015	58	NAN	
101,9	0	58	NAN	
102	0,0015	58	NAN	
102,1	0	58	NAN	
102,2	0,0015	58	NAN	
102,3	0	58	NAN	
102,4	0	58	NAN	
102,5	0	58	NAN	
102,6	-0,0015	58	NAN	
102,7	0,0015	58	NAN	
102,8	-0,0015	58	NAN	
102,9	0,0015	58	NAN	
103	0	58	NAN	
103,1	0	58	NAN	
103,2	-0,0015	58	NAN	
103,3	0	58	NAN	
103,4	0	58	NAN	
103,5	0	58	NAN	
103,6	0	58	NAN	
103,7	0,0015	58	NAN	
103,8	-0,0015	57,5	NAN	
103,9	0	58	NAN	
104	0,0015	57,5	NAN	
104,1	0	58	NAN	
104,2	0	57,5	NAN	
104,3	0	57,5	NAN	
104,4	0,0015	58	NAN	
104,5	-0,0015	58	NAN	
104,6	0	58	NAN	
104,7	0,0015	58	NAN	
104,8	0,0015	58	NAN	
104,9	0	58	NAN	
105	0	58	NAN	
105,1	0	58	NAN	
105,2	0	58	NAN	
105,3	0	58	NAN	
105,4	0	58	NAN	
105,5	0	58	NAN	
105,6	0	58	NAN	
105,7	0	58	NAN	
105,8	0	58	NAN	
105,9	0	58	NAN	
106	0	58	NAN	
106,1	0	57,5	NAN	
106,2	-0,0015	58	NAN	
106,3	0	58	NAN	
106,4	0	58	NAN	
106,5	0	58	NAN	
106,6	0	58	NAN	
106,7	0	58	NAN	
106,8	0	58	NAN	
106,9	0	57,5	NAN	
107	0	57,5	NAN	
107,1	-0,0015	58	NAN	
107,2	0	58	NAN	
107,3	0	58	NAN	
107,4	0,0015	58	NAN	
107,5	-0,0015	58	NAN	
107,6	0	58	NAN	
107,7	0	57,5	NAN	
107,8	0,0015	58	NAN	
107,9	0	58	NAN	
108	0	58	NAN	
108,1	0	58	NAN	
108,2	0	58	NAN	
108,3	0	57,5	NAN	
108,4	-0,0015	58	NAN	
108,5	0	58	NAN	
108,6	0	58	NAN	
108,7	0,0015	58	NAN	
108,8	0	58	NAN	
108,9	0	58	NAN	
109	0	58	NAN	
109,1	0	58	NAN	
109,2	0	58	NAN	
109,3	0	58	NAN	
109,4	0	58	NAN	
109,5	0	57,5	NAN	
109,6	0,0015	58	NAN	
109,7	0	58	NAN	
109,8	0	58	NAN	
109,9	0	58	NAN	
110	0	58	NAN	
110,1	0,0015	58	NAN	
110,2	-0,0015	57,5	NAN	
110,3	0	58	NAN	
110,4	0	58	NAN	
110,5	0	58	NAN	
110,6	0	58	NAN	
110,7	0	58	NAN	
110,8	0	57,5	NAN	
110,9	0,0015	58	NAN	
111	0	57,5	NAN	
111,1	0,0015	57,5	NAN	
111,2	0	58	NAN	
111,3	-0,0015	58	NAN	
111,4	0,003	58	NAN	
111,5	0	58	NAN	
111,6	0,0015	57,5	NAN	
111,7	-0,0015	57,5	NAN	
111,8	0	57,5	NAN	
111,9	0	58	NAN	
112	0	57,5	NAN	
112,1	0	57,5	NAN	
112,2	0	58	NAN	
112,3	0	58	NAN	
112,4	0,0045	57,5	NAN	
112,5	0,015	55,5	NAN	
112,6	0,0315	50	NAN	
112,7	0,057	40	NAN	
112,8	0,084	26	NAN	
112,9	0,09	21,5	NAN	
113	0,099	16	NAN	
113,1	0,0945	14	NAN	
113,2	0,1005	12,5	NAN	
113,3	0,102	11,5	NAN	
113,4	0,1035	11	NAN	
113,5	0,099	11	NAN	
113,6	0,099	10,5	NAN	
113,7	0,1005	10,5	NAN	
113,8	0,102	10	NAN	
113,9	0,111	8	NAN	
114	0,117	6	NAN	
114,1	0,1185	4	NAN	
114,2	0,1215	3,5	NAN	
114,3	0,1215	2	NAN	
114,4	0,1215	1,5	NAN	
114,5	0,1185	1,5	NAN	
114,6	0,12	1	NAN	
114,7	0,1215	1	NAN	
114,8	0,1245	0,5	NAN	
114,9	0,135	-2	NAN	
115	0,1485	-6	NAN	
115,1	0,15	-10	NAN	
115,2	0,153	-12	NAN	
115,3	0,159	-14	NAN	
115,4	0,162	-16,5	NAN	
115,5	0,165	-17,5	NAN	
115,6	0,1635	-18,5	NAN	
115,7	0,171	-19,5	NAN	
115,8	0,1785	-22	NAN	
115,9	0,1815	-25,5	NAN	
116	0,189	-27,5	NAN	
116,1	0,1965	-30,5	NAN	
116,2	0,192	-31	NAN	
116,3	0,192	-32	NAN	
116,4	0,1935	-32	NAN	
116,5	0,1965	-33	NAN	
116,6	0,2055	-35	NAN	
116,7	0,207	-38	NAN	
116,8	0,21	-39,5	NAN	
116,9	0,21	-40	NAN	
117	0,2145	-41,5	NAN	
117,1	0,213	-42	NAN	
117,2	0,2145	-42	NAN	
117,3	0,216	-43	NAN	
117,4	0,216	-43	NAN	
117,5	0,2265	-45,5	NAN	
117,6	0,234	-49	NAN	
117,7	0,2415	-53,5	NAN	
117,8	0,2385	-54	NAN	
117,9	0,2475	-56	NAN	
118	0,255	-61	NAN	
118,1	0,2775	-67	NAN	
118,2	0,282	-71	NAN	
118,3	0,285	-74	NAN	
118,4	0,2865	-75	NAN	
118,5	0,2865	-76,5	NAN	
118,6	0,2865	-76,5	NAN	
118,7	0,288	-77,5	NAN	
118,8	0,291	-78	NAN	
118,9	0,2925	-79	NAN	
119	0,3075	-83,5	NAN	
119,1	0,3	-84,5	NAN	
119,2	0,3	-84,5	NAN	
119,3	0,3075	-85,5	NAN	
119,4	0,312	-86,5	NAN	
119,5	0,318	-89	NAN	
119,6	0,3135	-90	NAN	
119,7	0,321	-91	NAN	
119,8	0,324	-92	NAN	
119,9	0,3225	-92,5	NAN	
120	0,321	-93,5	NAN	
120,1	0,324	-93,5	NAN	
120,2	0,3225	-94	NAN	
120,3	0,3195	-94	NAN	
120,4	0,324	-94	NAN	
120,5	0,324	-94,5	NAN	
120,6	0,339	-98,5	NAN	
120,7	0,3525	-104	NAN	
120,8	0,354	-106	NAN	
120,9	0,3495	-106,5	NAN	
121	0,351	-107	NAN	
121,1	0,3525	-107	NAN	
121,2	0,3495	-107,5	NAN	
121,3	0,354	-108	NAN	
121,4	0,354	-108,5	NAN	
121,5	0,3585	-109,5	NAN	
121,6	0,36	-110,5	NAN	
121,7	0,3645	-112	NAN	
121,8	0,3615	-113	NAN	
121,9	0,3645	-113	NAN	
122	0,3645	-113	NAN	
122,1	0,3735	-115	NAN	
122,2	0,3795	-118,5	NAN	
122,3	0,4155	-131,5	NAN	
122,4	0,4335	-139	NAN	
122,5	0,4665	-152	NAN	
122,6	0,4695	-157,5	NAN	
122,7	0,4725	-160,5	NAN	
122,8	0,474	-162,5	NAN	
122,9	0,4725	-164	NAN	
123	0,4755	-165	NAN	
123,1	0,477	-165,5	NAN	
123,2	0,4785	-166,5	NAN	
123,3	0,4785	-167	NAN	
123,4	0,492	-170	NAN	
123,5	0,5025	-173	NAN	
123,6	0,5085	-177,5	NAN	
123,7	0,5175	-180,5	NAN	
123,8	0,525	-183,5	NAN	
123,9	0,528	-187	NAN	
124	0,5295	-188,5	NAN	
124,1	0,5295	-190	NAN	
124,2	0,5355	-190,5	NAN	
124,3	0,534	-191,5	NAN	
124,4	0,5385	-192,5	NAN	
124,5	0,54	-193,5	NAN	
124,6	0,54	-194,5	NAN	
124,7	0,54	-195	NAN	
124,8	0,5415	-195	NAN	
124,9	0,5445	-195,5	NAN	
125	0,543	-196,5	NAN	
125,1	0,5445	-196	NAN	
125,2	0,546	-197	NAN	
125,3	0,543	-197	NAN	
125,4	0,543	-197	NAN	
125,5	0,5445	-197	NAN	
125,6	0,5475	-197,5	NAN	
125,7	0,546	-198	NAN	
125,8	0,5505	-198	NAN	
125,9	0,5505	-199	NAN	
126	0,558	-201	NAN	
126,1	0,5655	-203,5	NAN	
126,2	0,5655	-205	NAN	
126,3	0,57	-206	NAN	
126,4	0,57	-207,5	NAN	
126,5	0,573	-208	NAN	
126,6	0,573	-208,5	NAN	
126,7	0,5745	-209,5	NAN	
126,8	0,576	-210,5	NAN	
126,9	0,576	-211	NAN	
127	0,5775	-211	NAN	
127,1	0,5745	-211	NAN	
127,2	0,582	-213	NAN	
127,3	0,5835	-213,5	NAN	
127,4	0,582	-214,5	NAN	
127,5	0,582	-214,5	NAN	
127,6	0,585	-215	NAN	
127,7	0,5835	-215	NAN	
127,8	0,585	-215	NAN	
127,9	0,5865	-215	NAN	
128	0,591	-216	NAN	
128,1	0,591	-217,5	NAN	
128,2	0,5925	-218	NAN	
128,3	0,5985	-220	NAN	
128,4	0,6075	-223	NAN	
128,5	0,615	-227,5	NAN	
128,6	0,618	-229	NAN	
128,7	0,618	-230	NAN	
128,8	0,618	-230,5	NAN	
128,9	0,621	-231	NAN	
129	0,6225	-231	NAN	
129,1	0,6225	-231,5	NAN	
129,2	0,624	-232	NAN	
129,3	0,6345	-235	NAN	
129,4	0,636	-237	NAN	
129,5	0,6405	-239	NAN	
129,6	0,642	-240	NAN	
129,7	0,642	-240,5	NAN	
129,8	0,6405	-241	NAN	
129,9	0,642	-241	NAN	
130	0,6435	-241,5	NAN	
130,1	0,642	-241,5	NAN	
130,2	0,645	-242	NAN	
130,3	0,645	-242	NAN	
130,4	0,6555	-244,5	NAN	
130,5	0,6555	-246	NAN	
130,6	0,657	-247	NAN	
130,7	0,666	-249,5	NAN	
130,8	0,6825	-254,5	NAN	
130,9	0,681	-256,5	NAN	
131	0,687	-259	NAN	
131,1	0,687	-260	NAN	
131,2	0,6915	-262	NAN	
131,3	0,6885	-262	NAN	
131,4	0,687	-262	NAN	
131,5	0,69	-263	NAN	
131,6	0,6975	-264,5	NAN	
131,7	0,702	-267	NAN	
131,8	0,7215	-272,5	NAN	
131,9	0,726	-275	NAN	
132	0,72	-276	NAN	
132,1	0,738	-280	NAN	
132,2	0,735	-282	NAN	
132,3	0,7455	-284	NAN	
132,4	0,753	-288	NAN	
132,5	0,7605	-292	NAN	
132,6	0,7665	-293,5	NAN	
132,7	0,774	-297	NAN	
132,8	0,78	-298,5	NAN	
132,9	0,7785	-300,5	NAN	
133	0,78	-300,5	NAN	
133,1	0,789	-303,5	NAN	
133,2	0,7875	-305	NAN	
133,3	0,792	-306	NAN	
133,4	0,7905	-306,5	NAN	
133,5	0,786	-306,5	NAN	
133,6	0,7845	-306,5	NAN	
133,7	0,7845	-306	NAN	
133,8	0,7815	-306	NAN	
133,9	0,786	-306,5	NAN	
134	0,7875	-306	NAN	
134,1	0,7905	-307	NAN	
134,2	0,7845	-306,5	NAN	
134,3	0,789	-306,5	NAN	
134,4	0,789	-306,5	NAN	
134,5	0,795	-308	NAN	
134,6	0,8145	-313	NAN	
134,7	0,831	-319	NAN	
134,8	0,8415	-323	NAN	
134,9	0,843	-326,5	NAN	
135	0,849	-328,5	NAN	
135,1	0,8505	-330	NAN	
135,2	0,8475	-330,5	NAN	
135,3	0,861	-334	NAN	
135,4	0,876	-339,5	NAN	
135,5	0,864	-339,5	NAN	
135,6	0,8625	-339,5	NAN	
135,7	0,8625	-339,5	NAN	
135,8	0,864	-339,5	NAN	
135,9	0,8835	-342,5	NAN	
136	0,918	-352,5	NAN	
136,1	0,927	-358,5	NAN	
136,2	0,939	-364,5	NAN	
136,3	0,945	-368	NAN	
136,4	0,9645	-376	NAN	
136,5	0,9855	-382,5	NAN	
136,6	0,9945	-388	NAN	
136,7	1,011	-392,5	NAN	
136,8	1,029	-398,5	NAN	
136,9	1,0425	-406	NAN	
137	1,0575	-412,5	NAN	
137,1	1,065	-416,5	NAN	
137,2	1,071	-419,5	NAN	
137,3	1,071	-421,5	NAN	
137,4	1,077	-423,5	NAN	
137,5	1,0905	-427	NAN	
137,6	1,089	-429,5	NAN	
137,7	1,089	-430	NAN	
137,8	1,083	-430,5	NAN	
137,9	1,092	-431,5	NAN	
138	1,0935	-431,5	NAN	
138,1	1,0965	-433	NAN	
138,2	1,0905	-432	NAN	
138,3	1,098	-437	NAN	
138,4	1,1295	-441,5	NAN	
138,5	1,125	-443	NAN	
138,6	1,1475	-448	NAN	
138,7	1,161	-454	NAN	
138,8	1,167	-457,5	NAN	
138,9	1,167	-458,5	NAN	
139	1,1775	-461	NAN	
139,1	1,1925	-467	NAN	
139,2	1,1985	-469	NAN	
139,3	1,2075	-473	NAN	
139,4	1,209	-475,5	NAN	
139,5	1,2255	-479,5	NAN	
139,6	1,224	-480,5	NAN	
139,7	1,218	-480,5	NAN	
139,8	1,221	-481	NAN	
139,9	1,2315	-482,5	NAN	
140	1,233	-483,5	NAN	
140,1	1,248	-487	NAN	
140,2	1,251	-491	NAN	
140,3	1,26	-493	NAN	
140,4	1,2735	-496,5	NAN	
140,5	1,2765	-500	NAN	
140,6	1,2615	-499	NAN	
140,7	1,2645	-499,5	NAN	
140,8	1,248	-497,5	NAN	
140,9	1,2525	-497,5	NAN	
141	1,2525	-497,5	NAN	
141,1	1,2495	-497,5	NAN	
141,2	1,26	-498	NAN	
141,3	1,284	-501,5	NAN	
141,4	1,317	-510	NAN	
141,5	1,347	-520	NAN	
141,6	1,362	-527,5	NAN	
141,7	1,3635	-530	NAN	
141,8	1,365	-532	NAN	
141,9	1,3815	-535,5	NAN	
142	1,3935	-541	NAN	
142,1	1,401	-544,5	NAN	
142,2	1,407	-546,5	NAN	
142,3	1,431	-551,5	NAN	
142,4	1,44	-556,5	NAN	
142,5	1,464	-562,5	NAN	
142,6	1,482	-569,5	NAN	
142,7	1,497	-575,5	NAN	
142,8	1,5045	-579	NAN	
142,9	1,5285	-584,5	NAN	
143	1,533	-588	NAN	
143,1	1,536	-589,5	NAN	
143,2	1,5315	-590,5	NAN	
143,3	1,539	-592,5	NAN	
143,4	1,5315	-592,5	NAN	
143,5	1,539	-592,5	NAN	
143,6	1,5465	-594,5	NAN	
143,7	1,56	-596,5	NAN	
143,8	1,557	-597,5	NAN	
143,9	1,5525	-598	NAN	
144	1,548	-597,5	NAN	
144,1	1,5465	-597,5	NAN	
144,2	1,5465	-597,5	NAN	
144,3	1,5525	-598,5	NAN	
144,4	1,5585	-599	NAN	
144,5	1,5675	-601	NAN	
144,6	1,5765	-603,5	NAN	
144,7	1,5915	-607,5	NAN	
144,8	1,599	-610,5	NAN	
144,9	1,6035	-612,5	NAN	
145	1,6095	-614,5	NAN	
145,1	1,611	-616	NAN	
145,2	1,641	-622	NAN	
145,3	1,6515	-626	NAN	
145,4	1,65	-628	NAN	
145,5	1,6695	-632	NAN	
145,6	1,674	-634	NAN	
145,7	1,683	-637	NAN	
145,8	1,695	-641,5	NAN	
145,9	1,704	-643,5	NAN	
146	1,6935	-643	NAN	
146,1	1,683	-642	NAN	
146,2	1,686	-642,5	NAN	
146,3	1,683	-642,5	NAN	
146,4	1,71	-645,5	NAN	
146,5	1,728	-651,5	NAN	
146,6	1,758	-659	NAN	
146,7	1,7745	-663	NAN	
146,8	1,7895	-668,5	NAN	
146,9	1,8075	-674	NAN	
147	1,818	-677,5	NAN	
147,1	1,836	-682,5	NAN	
147,2	1,8555	-687	NAN	
147,3	1,8645	-691,5	NAN	
147,4	1,905	-701	NAN	
147,5	1,917	-706,5	NAN	
147,6	1,941	-712	NAN	
147,7	1,9485	-717	NAN	
147,8	1,956	-719,5	NAN	
147,9	1,953	-720,5	NAN	
148	1,9605	-721	NAN	
148,1	1,965	-722,5	NAN	
148,2	1,9815	-726	NAN	
148,3	1,9875	-728,5	NAN	
148,4	1,989	-729,5	NAN	
148,5	1,9845	-730	NAN	
148,6	1,9875	-730,5	NAN	
148,7	1,989	-730,5	NAN	
148,8	1,9905	-731	NAN	
148,9	1,9875	-730,5	NAN	
149	1,9995	-732	NAN	
149,1	2,0085	-734	NAN	
149,2	2,0325	-739	NAN	
149,3	2,058	-745,5	NAN	
149,4	2,058	-747,5	NAN	
149,5	2,073	-750,5	NAN	
149,6	2,0805	-754,5	NAN	
149,7	2,1	-757,5	NAN	
149,8	2,133	-764,5	NAN	
149,9	2,148	-770	NAN	
150	2,145	-772,5	NAN	
150,1	2,172	-776	NAN	
150,2	2,1705	-777,5	NAN	
150,3	2,184	-781	NAN	
150,4	2,199	-785	NAN	
150,5	2,2005	-786	NAN	
150,6	2,2005	-786,5	NAN	
150,7	2,22	-790	NAN	
150,8	2,2215	-791,5	NAN	
150,9	2,2245	-792,5	NAN	
151	2,229	-793	NAN	
151,1	2,2245	-793	NAN	
151,2	2,2155	-792,5	NAN	
151,3	2,2305	-794	NAN	
151,4	2,247	-797	NAN	
151,5	2,2695	-801,5	NAN	
151,6	2,277	-804	NAN	
151,7	2,295	-808	NAN	
151,8	2,3295	-815	NAN	
151,9	2,334	-818	NAN	
152	2,337	-820	NAN	
152,1	2,3355	-821	NAN	
152,2	2,343	-821,5	NAN	
152,3	2,34	-822	NAN	
152,4	2,3355	-821,5	NAN	
152,5	2,334	-821,5	NAN	
152,6	2,3385	-821,5	NAN	
152,7	2,3355	-821,5	NAN	
152,8	2,3415	-821,5	NAN	
152,9	2,3385	-821,5	NAN	
153	2,3385	-822	NAN	
153,1	2,34	-822	NAN	
153,2	2,3445	-822,5	NAN	
153,3	2,3445	-822,5	NAN	
153,4	2,349	-823,5	NAN	
153,5	2,3565	-825	NAN	
153,6	2,3745	-828,5	NAN	
153,7	2,37	-829,5	NAN	
153,8	2,3715	-829	NAN	
153,9	2,37	-828,5	NAN	
154	2,3685	-829	NAN	
154,1	2,3595	-828,5	NAN	
154,2	2,3565	-828	NAN	
154,3	2,3715	-829,5	NAN	
154,4	2,3715	-829,5	NAN	
154,5	2,3715	-830	NAN	
154,6	2,4105	-834,5	NAN	
154,7	2,421	-838,5	NAN	
154,8	2,4165	-839,5	NAN	
154,9	2,4165	-840	NAN	
155	2,418	-840,5	NAN	
155,1	2,415	-840	NAN	
155,2	2,4315	-841	NAN	
155,3	2,4375	-843	NAN	
155,4	2,4405	-844,5	NAN	
155,5	2,424	-844	NAN	
155,6	2,4075	-841,5	NAN	
155,7	2,4315	-843,5	NAN	
155,8	2,427	-844	NAN	
155,9	2,4285	-844	NAN	
156	2,4285	-844	NAN	
156,1	2,439	-844,5	NAN	
156,2	2,439	-845,5	NAN	
156,3	2,463	-848	NAN	
156,4	2,469	-850,5	NAN	
156,5	2,478	-852,5	NAN	
156,6	2,487	-854	NAN	
156,7	2,4855	-855	NAN	
156,8	2,496	-856	NAN	
156,9	2,4915	-857	NAN	
157	2,469	-855,5	NAN	
157,1	2,475	-854	NAN	
157,2	2,4765	-855	NAN	
157,3	2,478	-855,5	NAN	
157,4	2,4795	-855	NAN	
157,5	2,4945	-857	NAN	
157,6	2,532	-862	NAN	
157,7	2,541	-865,5	NAN	
157,8	2,5515	-867,5	NAN	
157,9	2,5725	-872	NAN	
158	2,586	-875	NAN	
158,1	2,5935	-877	NAN	
158,2	2,598	-879	NAN	
158,3	2,5905	-879	NAN	
158,4	2,592	-878,5	NAN	
158,5	2,5875	-878,5	NAN	
158,6	2,5995	-879	NAN	
158,7	2,61	-880,5	NAN	
158,8	2,634	-884,5	NAN	
158,9	2,646	-887,5	NAN	
159	2,6535	-889,5	NAN	
159,1	2,6535	-890	NAN	
159,2	2,652	-891	NAN	
159,3	2,658	-891,5	NAN	
159,4	2,6385	-890	NAN	
159,5	2,637	-890	NAN	
159,6	2,646	-890,5	NAN	
159,7	2,6445	-890,5	NAN	
159,8	2,646	-890,5	NAN	
159,9	2,6475	-891	NAN	
160	2,649	-891	NAN	
160,1	2,676	-893,5	NAN	
160,2	2,703	-898,5	NAN	
160,3	2,712	-901	NAN	
160,4	2,7195	-903	NAN	
160,5	2,7315	-904,5	NAN	
160,6	2,736	-906	NAN	
160,7	2,7375	-907,5	NAN	
160,8	2,7435	-908	NAN	
160,9	2,7555	-909,5	NAN	
161	2,754	-909,5	NAN	
161,1	2,754	-910,5	NAN	
161,2	2,7555	-910	NAN	
161,3	2,7525	-910	NAN	
161,4	2,7525	-910	NAN	
161,5	2,751	-910	NAN	
161,6	2,751	-910,5	NAN	
161,7	2,763	-911	NAN	
161,8	2,7675	-912,5	NAN	
161,9	2,772	-912,5	NAN	
162	2,7885	-915,5	NAN	
162,1	2,802	-917,5	NAN	
162,2	2,8005	-918,5	NAN	
162,3	2,799	-918,5	NAN	
162,4	2,808	-920	NAN	
162,5	2,814	-920,5	NAN	
162,6	2,8095	-920,5	NAN	
162,7	2,814	-921	NAN	
162,8	2,8125	-921	NAN	
162,9	2,8125	-920,5	NAN	
163	2,811	-921	NAN	
163,1	2,8095	-921,5	NAN	
163,2	2,811	-920,5	NAN	
163,3	2,8095	-920,5	NAN	
163,4	2,8125	-921,5	NAN	
163,5	2,811	-920,5	NAN	
163,6	2,8125	-921,5	NAN	
163,7	2,8125	-921	NAN	
163,8	2,8125	-920,5	NAN	
163,9	2,8125	-921	NAN	
164	2,8125	-922	NAN	
164,1	2,811	-920,5	NAN	
164,2	2,8035	-920,5	NAN	
164,3	2,7885	-919,5	NAN	
164,4	2,7705	-917,5	NAN	
164,5	2,7525	-916	NAN	
164,6	2,724	-913,5	NAN	
164,7	2,7105	-912	NAN	
164,8	2,7	-911	NAN	
164,9	2,6805	-909,5	NAN	
165	2,676	-908,5	NAN	
165,1	2,6715	-908	NAN	
165,2	2,6595	-906,5	NAN	
165,3	2,64	-904,5	NAN	
165,4	2,637	-904	NAN	
165,5	2,637	-903	NAN	
165,6	2,6415	-904	NAN	
165,7	2,6385	-904	NAN	
165,8	2,6415	-904	NAN	
165,9	2,6445	-904	NAN	
166	2,637	-904	NAN	
166,1	2,6415	-904	NAN	
166,2	2,64	-903,5	NAN	
166,3	2,6325	-903,5	NAN	
166,4	2,6235	-902	NAN	
166,5	2,6175	-901,5	NAN	
166,6	2,604	-900,5	NAN	
166,7	2,5695	-896,5	NAN	
166,8	2,574	-896	NAN	
166,9	2,589	-897	NAN	
167	2,6025	-898	NAN	
167,1	2,5965	-898	NAN	
167,2	2,6025	-898	NAN	
167,3	2,601	-898,5	NAN	
167,4	2,5995	-898	NAN	
167,5	2,5905	-897,5	NAN	
167,6	2,589	-897	NAN	
167,7	2,5785	-897	NAN	
167,8	2,586	-897	NAN	
167,9	2,5725	-896	NAN	
168	2,559	-895	NAN	
168,1	2,5575	-894	NAN	
168,2	2,544	-893,5	NAN	
168,3	2,544	-892	NAN	
168,4	2,5395	-892	NAN	
168,5	2,532	-890,5	NAN	
168,6	2,538	-891	NAN	
168,7	2,532	-890,5	NAN	
168,8	2,5305	-890	NAN	
168,9	2,5245	-890	NAN	
169	2,526	-890	NAN	
169,1	2,5245	-890	NAN	
169,2	2,5215	-889	NAN	
169,3	2,5245	-889,5	NAN	
169,4	2,5215	-889,5	NAN	
169,5	2,523	-889	NAN	
169,6	2,5245	-889,5	NAN	
169,7	2,5215	-889	NAN	
169,8	2,5245	-889	NAN	
169,9	2,52	-889	NAN	
170	2,5185	-889	NAN	
170,1	2,5185	-889	NAN	
170,2	2,52	-888,5	NAN	
170,3	2,5245	-889	NAN	
170,4	2,523	-889	NAN	
170,5	2,5245	-889	NAN	
170,6	2,5275	-889,5	NAN	
170,7	2,5305	-890	NAN	
170,8	2,514	-888,5	NAN	
170,9	2,4795	-885,5	NAN	
171	2,49	-884,5	NAN	
171,1	2,475	-882,5	NAN	
171,2	2,466	-882	NAN	
171,3	2,4675	-881,5	NAN	
171,4	2,4645	-881	NAN	
171,5	2,4615	-881	NAN	
171,6	2,445	-879	NAN	
171,7	2,4285	-876	NAN	
171,8	2,436	-876	NAN	
171,9	2,418	-875	NAN	
172	2,409	-874	NAN	
172,1	2,427	-874,5	NAN	
172,2	2,421	-874	NAN	
172,3	2,418	-874	NAN	
172,4	2,4225	-874	NAN	
172,5	2,415	-873,5	NAN	
172,6	2,409	-873	NAN	
172,7	2,406	-872,5	NAN	
172,8	2,37	-868	NAN	
172,9	2,3505	-863,5	NAN	
173	2,3565	-863	NAN	
173,1	2,3625	-863,5	NAN	
173,2	2,3475	-862,5	NAN	
173,3	2,3565	-863	NAN	
173,4	2,3505	-862,5	NAN	
173,5	2,352	-862,5	NAN	
173,6	2,3445	-862	NAN	
173,7	2,3445	-862	NAN	
173,8	2,3235	-860	NAN	
173,9	2,3235	-858,5	NAN	
174	2,286	-854	NAN	
174,1	2,2755	-851	NAN	
174,2	2,2545	-848	NAN	
174,3	2,253	-846	NAN	
174,4	2,2425	-845	NAN	
174,5	2,2575	-845,5	NAN	
174,6	2,2395	-844,5	NAN	
174,7	2,217	-839,5	NAN	
174,8	2,226	-839,5	NAN	
174,9	2,211	-839	NAN	
175	2,1975	-834,5	NAN	
175,1	2,205	-835	NAN	
175,2	2,205	-835	NAN	
175,3	2,2005	-835	NAN	
175,4	2,2005	-835	NAN	
175,5	2,196	-834,5	NAN	
175,6	2,1975	-835	NAN	
175,7	2,202	-834	NAN	
175,8	2,181	-833,5	NAN	
175,9	2,16	-829	NAN	
176	2,151	-825,5	NAN	
176,1	2,1375	-824	NAN	
176,2	2,154	-824,5	NAN	
176,3	2,1405	-824	NAN	
176,4	2,112	-819	NAN	
176,5	2,097	-814	NAN	
176,6	2,076	-811	NAN	
176,7	2,088	-811	NAN	
176,8	2,0565	-808	NAN	
176,9	2,043	-804	NAN	
177	2,0115	-798,5	NAN	
177,1	1,9965	-794	NAN	
177,2	1,986	-790,5	NAN	
177,3	1,9875	-789	NAN	
177,4	1,992	-789,5	NAN	
177,5	1,9905	-789,5	NAN	
177,6	1,9965	-789,5	NAN	
177,7	1,992	-789,5	NAN	
177,8	1,9755	-786,5	NAN	
177,9	1,959	-784	NAN	
178	1,9455	-781	NAN	
178,1	1,8885	-770	NAN	
178,2	1,8945	-768	NAN	
178,3	1,8915	-765	NAN	
178,4	1,878	-764,5	NAN	
178,5	1,851	-759	NAN	
178,6	1,884	-760	NAN	
178,7	1,83	-755	NAN	
178,8	1,836	-753,5	NAN	
178,9	1,848	-753,5	NAN	
179	1,797	-748	NAN	
179,1	1,83	-748,5	NAN	
179,2	1,824	-748	NAN	
179,3	1,8255	-748	NAN	
179,4	1,8285	-748,5	NAN	
179,5	1,827	-748	NAN	
179,6	1,824	-748	NAN	
179,7	1,821	-747,5	NAN	
179,8	1,806	-746	NAN	
179,9	1,803	-744,5	NAN	
180	1,8045	-744	NAN	
180,1	1,812	-744,5	NAN	
180,2	1,815	-745	NAN	
180,3	1,8105	-745	NAN	
180,4	1,8105	-744,5	NAN	
180,5	1,806	-744	NAN	
180,6	1,8075	-744,5	NAN	
180,7	1,803	-744	NAN	
180,8	1,794	-743	NAN	
180,9	1,7925	-742	NAN	
181	1,782	-740	NAN	
181,1	1,767	-736	NAN	
181,2	1,764	-734	NAN	
181,3	1,7595	-732,5	NAN	
181,4	1,746	-730,5	NAN	
181,5	1,728	-724,5	NAN	
181,6	1,686	-718,5	NAN	
181,7	1,683	-713	NAN	
181,8	1,6665	-709	NAN	
181,9	1,629	-699	NAN	
182	1,6305	-697,5	NAN	
182,1	1,6155	-693,5	NAN	
182,2	1,6095	-692	NAN	
182,3	1,599	-689,5	NAN	
182,4	1,5915	-687,5	NAN	
182,5	1,5585	-680	NAN	
182,6	1,5405	-675	NAN	
182,7	1,5225	-668,5	NAN	
182,8	1,5105	-665,5	NAN	
182,9	1,5135	-663	NAN	
183	1,5135	-663,5	NAN	
183,1	1,515	-663,5	NAN	
183,2	1,509	-663	NAN	
183,3	1,4805	-658,5	NAN	
183,4	1,398	-643	NAN	
183,5	1,3875	-633	NAN	
183,6	1,383	-628	NAN	
183,7	1,3725	-623,5	NAN	
183,8	1,368	-621,5	NAN	
183,9	1,3605	-619,5	NAN	
184	1,356	-617,5	NAN	
184,1	1,335	-613,5	NAN	
184,2	1,326	-609	NAN	
184,3	1,3275	-607,5	NAN	
184,4	1,329	-607	NAN	
184,5	1,3335	-607,5	NAN	
184,6	1,3245	-606,5	NAN	
184,7	1,3275	-607	NAN	
184,8	1,3275	-607	NAN	
184,9	1,329	-606,5	NAN	
185	1,3305	-607	NAN	
185,1	1,329	-606,5	NAN	
185,2	1,332	-607	NAN	
185,3	1,3335	-607	NAN	
185,4	1,3275	-606,5	NAN	
185,5	1,329	-606,5	NAN	
185,6	1,3275	-606,5	NAN	
185,7	1,329	-606,5	NAN	
185,8	1,3275	-606,5	NAN	
185,9	1,326	-606,5	NAN	
186	1,3185	-605	NAN	
186,1	1,3035	-602,5	NAN	
186,2	1,2765	-595,5	NAN	
186,3	1,2495	-587	NAN	
186,4	1,2135	-577,5	NAN	
186,5	1,185	-568	NAN	
186,6	1,2	-567	NAN	
186,7	1,2075	-567,5	NAN	
186,8	1,2105	-567,5	NAN	
186,9	1,209	-567	NAN	
187	1,209	-567,5	NAN	
187,1	1,209	-567,5	NAN	
187,2	1,2105	-567,5	NAN	
187,3	1,209	-567,5	NAN	
187,4	1,2105	-568	NAN	
187,5	1,2045	-567	NAN	
187,6	1,203	-566,5	NAN	
187,7	1,1955	-566	NAN	
187,8	1,1955	-565	NAN	
187,9	1,188	-564	NAN	
188	1,1955	-564	NAN	
188,1	1,1925	-564	NAN	
188,2	1,2	-564	NAN	
188,3	1,1955	-564	NAN	
188,4	1,1925	-563,5	NAN	
188,5	1,1955	-563,5	NAN	
188,6	1,1985	-564	NAN	
188,7	1,197	-564	NAN	
188,8	1,194	-563,5	NAN	
188,9	1,194	-563,5	NAN	
189	1,17	-560,5	NAN	
189,1	1,1655	-558	NAN	
189,2	1,1565	-554,5	NAN	
189,3	1,1625	-553,5	NAN	
189,4	1,158	-553	NAN	
189,5	1,161	-553	NAN	
189,6	1,164	-553,5	NAN	
189,7	1,17	-554	NAN	
189,8	1,167	-553,5	NAN	
189,9	1,164	-553,5	NAN	
190	1,1625	-553,5	NAN	
190,1	1,1565	-553	NAN	
190,2	1,149	-551,5	NAN	
190,3	1,134	-549	NAN	
190,4	1,14	-547	NAN	
190,5	1,146	-547	NAN	
190,6	1,149	-547,5	NAN	
190,7	1,146	-547	NAN	
190,8	1,131	-545,5	NAN	
190,9	1,1385	-545	NAN	
191	1,1325	-544,5	NAN	
191,1	1,1445	-545	NAN	
191,2	1,128	-542,5	NAN	
191,3	1,1295	-541	NAN	
191,4	1,113	-540	NAN	
191,5	1,0965	-535	NAN	
191,6	1,101	-534,5	NAN	
191,7	1,1025	-534	NAN	
191,8	1,098	-533,5	NAN	
191,9	1,0995	-533,5	NAN	
192	1,101	-533	NAN	
192,1	1,089	-532	NAN	
192,2	1,08	-529	NAN	
192,3	1,08	-527	NAN	
192,4	1,0845	-527	NAN	
192,5	1,0725	-526	NAN	
192,6	1,068	-524,5	NAN	
192,7	1,0635	-523	NAN	
192,8	1,0575	-521	NAN	
192,9	1,059	-521	NAN	
193	1,0605	-521	NAN	
193,1	1,0665	-521	NAN	
193,2	1,059	-521	NAN	
193,3	1,0575	-520	NAN	
193,4	1,0545	-519	NAN	
193,5	1,05	-518	NAN	
193,6	1,044	-517	NAN	
193,7	1,05	-516	NAN	
193,8	1,0485	-515,5	NAN	
193,9	1,0455	-514	NAN	
194	1,026	-512,5	NAN	
194,1	1,014	-509	NAN	
194,2	1,0155	-506	NAN	
194,3	1,017	-506,5	NAN	
194,4	1,026	-507	NAN	
194,5	1,0335	-508	NAN	
194,6	1,038	-508,5	NAN	
194,7	1,0395	-508,5	NAN	
194,8	1,0485	-509,5	NAN	
194,9	1,0455	-510	NAN	
195	1,047	-510	NAN	
195,1	1,05	-510	NAN	
195,2	1,0455	-510	NAN	
195,3	1,0455	-510	NAN	
195,4	1,047	-510	NAN	
195,5	1,047	-510	NAN	
195,6	1,0335	-508,5	NAN	
195,7	1,0245	-507	NAN	
195,8	1,0215	-506	NAN	
195,9	1,026	-506,5	NAN	
196	1,0215	-506,5	NAN	
196,1	1,023	-506,5	NAN	
196,2	1,0185	-506	NAN	
196,3	1,0185	-506	NAN	
196,4	1,014	-505	NAN	
196,5	1,011	-504	NAN	
196,6	1,0035	-502,5	NAN	
196,7	1,0005	-501,5	NAN	
196,8	0,996	-500	NAN	
196,9	0,993	-498,5	NAN	
197	0,9885	-496,5	NAN	
197,1	0,975	-494	NAN	
197,2	0,948	-486	NAN	
197,3	0,945	-482,5	NAN	
197,4	0,939	-480	NAN	
197,5	0,9345	-478,5	NAN	
197,6	0,9375	-477,5	NAN	
197,7	0,933	-477,5	NAN	
197,8	0,933	-477	NAN	
197,9	0,9345	-477	NAN	
198	0,9375	-477,5	NAN	
198,1	0,9375	-477,5	NAN	
198,2	0,9375	-477,5	NAN	
198,3	0,9375	-477,5	NAN	
198,4	0,93	-477	NAN	
198,5	0,9195	-474	NAN	
198,6	0,8895	-466,5	NAN	
198,7	0,858	-456	NAN	
198,8	0,8385	-448,5	NAN	
198,9	0,84	-445,5	NAN	
199	0,8295	-441	NAN	
199,1	0,8295	-440	NAN	
199,2	0,8265	-438,5	NAN	
199,3	0,816	-436,5	NAN	
199,4	0,8025	-432	NAN	
199,5	0,7845	-426,5	NAN	
199,6	0,7845	-424	NAN	
199,7	0,783	-423	NAN	
199,8	0,771	-420,5	NAN	
199,9	0,7635	-417,5	NAN	
200	0,771	-416,5	NAN	
200,1	0,7635	-415,5	NAN	
200,2	0,762	-414,5	NAN	
200,3	0,756	-413	NAN	
200,4	0,7575	-412,5	NAN	
200,5	0,756	-412	NAN	
200,6	0,756	-411,5	NAN	
200,7	0,756	-412	NAN	
200,8	0,756	-412	NAN	
200,9	0,7485	-410,5	NAN	
201	0,7425	-408,5	NAN	
201,1	0,711	-396,5	NAN	
201,2	0,6975	-393	NAN	
201,3	0,681	-386,5	NAN	
201,4	0,6555	-378	NAN	
201,5	0,6315	-368	NAN	
201,6	0,639	-366	NAN	
201,7	0,6345	-364,5	NAN	
201,8	0,6405	-364,5	NAN	
201,9	0,6375	-364	NAN	
202	0,6375	-364,5	NAN	
202,1	0,6375	-363,5	NAN	
202,2	0,636	-364	NAN	
202,3	0,6375	-363,5	NAN	
202,4	0,6345	-363,5	NAN	
202,5	0,6255	-362	NAN	
202,6	0,6165	-359	NAN	
202,7	0,6105	-357	NAN	
202,8	0,603	-353	NAN	
202,9	0,5865	-348	NAN	
203	0,579	-344	NAN	
203,1	0,5775	-341,5	NAN	
203,2	0,5715	-339	NAN	
203,3	0,564	-337,5	NAN	
203,4	0,5625	-336	NAN	
203,5	0,561	-335	NAN	
203,6	0,5535	-332,5	NAN	
203,7	0,555	-331,5	NAN	
203,8	0,5475	-329	NAN	
203,9	0,549	-328	NAN	
204	0,5445	-327,5	NAN	
204,1	0,537	-325	NAN	
204,2	0,534	-323,5	NAN	
204,3	0,5325	-322	NAN	
204,4	0,5295	-321,5	NAN	
204,5	0,528	-320,5	NAN	
204,6	0,5265	-320	NAN	
204,7	0,5235	-318,5	NAN	
204,8	0,513	-315	NAN	
204,9	0,504	-311,5	NAN	
205	0,4845	-303	NAN	
205,1	0,48	-300,5	NAN	
205,2	0,4695	-296	NAN	
205,3	0,468	-294	NAN	
205,4	0,4635	-292,5	NAN	
205,5	0,465	-292	NAN	
205,6	0,4545	-289,5	NAN	
205,7	0,453	-288	NAN	
205,8	0,453	-287	NAN	
205,9	0,4515	-286	NAN	
206	0,4455	-284,5	NAN	
206,1	0,4395	-282	NAN	
206,2	0,438	-281	NAN	
206,3	0,438	-279,5	NAN	
206,4	0,432	-278	NAN	
206,5	0,4335	-277,5	NAN	
206,6	0,42	-273,5	NAN	
206,7	0,4155	-271,5	NAN	
206,8	0,4125	-269,5	NAN	
206,9	0,414	-268	NAN	
207	0,4095	-266,5	NAN	
207,1	0,402	-264,5	NAN	
207,2	0,4005	-261,5	NAN	
207,3	0,396	-260,5	NAN	
207,4	0,39	-259,5	NAN	
207,5	0,3885	-258	NAN	
207,6	0,3885	-257,5	NAN	
207,7	0,39	-258	NAN	
207,8	0,3945	-258	NAN	
207,9	0,393	-258	NAN	
208	0,396	-258	NAN	
208,1	0,3885	-257,5	NAN	
208,2	0,3765	-254	NAN	
208,3	0,3765	-252,5	NAN	
208,4	0,3675	-248,5	NAN	
208,5	0,3645	-246,5	NAN	
208,6	0,3615	-246	NAN	
208,7	0,36	-245	NAN	
208,8	0,3585	-243,5	NAN	
208,9	0,345	-237,5	NAN	
209	0,3405	-236	NAN	
209,1	0,321	-230	NAN	
209,2	0,3225	-227	NAN	
209,3	0,3225	-226	NAN	
209,4	0,3165	-225	NAN	
209,5	0,3105	-221	NAN	
209,6	0,3	-218	NAN	
209,7	0,2895	-212	NAN	
209,8	0,285	-209,5	NAN	
209,9	0,279	-205	NAN	
210	0,261	-200	NAN	
210,1	0,2505	-193,5	NAN	
210,2	0,24	-189	NAN	
210,3	0,234	-186	NAN	
210,4	0,216	-180	NAN	
210,5	0,2145	-176	NAN	
210,6	0,213	-174	NAN	
210,7	0,207	-172,5	NAN	
210,8	0,207	-171	NAN	
210,9	0,1965	-167	NAN	
211	0,186	-163,5	NAN	
211,1	0,183	-160,5	NAN	
211,2	0,18	-158,5	NAN	
211,3	0,1785	-157,5	NAN	
211,4	0,177	-156,5	NAN	
211,5	0,1785	-156	NAN	
211,6	0,1785	-156	NAN	
211,7	0,1815	-156	NAN	
211,8	0,1815	-156	NAN	
211,9	0,183	-156,5	NAN	
212	0,183	-156,5	NAN	
212,1	0,1875	-157	NAN	
212,2	0,1905	-157,5	NAN	
212,3	0,1935	-158	NAN	
212,4	0,1935	-158,5	NAN	
212,5	0,195	-158,5	NAN	
212,6	0,1935	-158	NAN	
212,7	0,195	-158,5	NAN	
212,8	0,1785	-157	NAN	
212,9	0,1695	-153,5	NAN	
213	0,1515	-147	NAN	
213,1	0,1455	-142,5	NAN	
213,2	0,135	-137,5	NAN	
213,3	0,132	-134,5	NAN	
213,4	0,123	-131,5	NAN	
213,5	0,1215	-130	NAN	
213,6	0,12	-129	NAN	
213,7	0,0885	-119,5	NAN	
213,8	0,078	-110,5	NAN	
213,9	0,066	-104,5	NAN	
214	0,0615	-101	NAN	
214,1	0,0615	-100	NAN	
214,2	0,06	-99	NAN	
214,3	0,06	-98,5	NAN	
214,4	0,06	-98,5	NAN	
214,5	0,06	-98,5	NAN	
214,6	0,06	-97,5	NAN	
214,7	0,048	-95	NAN	
214,8	0,0405	-91	NAN	
214,9	0,033	-87,5	NAN	
215	0,03	-86	NAN	
215,1	0,024	-82,5	NAN	
215,2	0,0165	-80	NAN	
215,3	0,012	-79	NAN	
215,4	0,0135	-77	NAN	
215,5	0,0075	-74,5	NAN	
215,6	0	-71,5	NAN	
215,7	0	-70	NAN	
215,8	-0,0015	-70	NAN	
215,9	0	-69,5	NAN	
216	-0,0015	-69,5	NAN	
216,1	0	-69	NAN	
216,2	0	-69	NAN	
216,3	0	-69	NAN	
216,4	0	-69	NAN	
216,5	0,0015	-68,5	NAN	
216,6	0,0015	-69	NAN	
216,7	0	-69	NAN	
216,8	0	-68,5	NAN	
216,9	-0,0015	-68,5	NAN	
217	0	-68,5	NAN	
217,1	0	-68,5	NAN	
217,2	-0,0015	-69	NAN	
217,3	0	-68,5	NAN	
217,4	0	-68,5	NAN	
217,5	-0,0015	-68,5	NAN	
217,6	0	-68,5	NAN	
217,7	-0,0015	-68,5	NAN	
217,8	0	-68,5	NAN	
217,9	0	-68,5	NAN	
218	0	-68,5	NAN	
218,1	0	-68,5	NAN	
218,2	0	-68,5	NAN	
218,3	0	-68,5	NAN	
218,4	0	-68,5	NAN	
218,5	0	-68,5	NAN	
218,6	0	-68,5	NAN	
218,7	0	-69	NAN	
218,8	0	-68,5	NAN	
218,9	0	-68,5	NAN	
219	0	-68,5	NAN	
219,1	-0,0015	-68,5	NAN	
219,2	0,0015	-68,5	NAN	
219,3	0	-68,5	NAN	
219,4	0	-68,5	NAN	
219,5	-0,0015	-68,5	NAN	
219,6	0	-69	NAN	
219,7	-0,0015	-68,5	NAN	
219,8	0	-68,5	NAN	
219,9	0	-68,5	NAN	
220	0	-68,5	NAN	
220,1	0,0015	-68,5	NAN	
220,2	0	-68,5	NAN	
220,3	0	-68,5	NAN	
220,4	0	-68,5	NAN	
220,5	0,0015	-68,5	NAN	
220,6	0,0015	-68,5	NAN	
220,7	0	-69	NAN	
220,8	-0,0015	-68,5	NAN	
220,9	0	-68,5	NAN	
221	0	-68,5	NAN	
221,1	0	-68,5	NAN	
221,2	0	-68,5	NAN	
221,3	0	-68,5	NAN	
221,4	0	-68,5	NAN	
221,5	0	-68,5	NAN	
221,6	0	-68,5	NAN	
221,7	-0,0015	-68,5	NAN	
221,8	0	-68,5	NAN	
221,9	0	-68,5	NAN	
222	0,0015	-68,5	NAN	
222,1	-0,0015	-68,5	NAN	
222,2	-0,0015	-68,5	NAN	
222,3	0	-68,5	NAN	
222,4	0	-68,5	NAN	
222,5	0	-68,5	NAN	
222,6	0	-68,5	NAN	
222,7	0	-68,5	NAN	
222,8	0	-68,5	NAN	
222,9	0,0015	-68,5	NAN	
223	0,0015	-68,5	NAN	
223,1	0	-68,5	NAN	
223,2	0	-68,5	NAN	
223,3	0	-68,5	NAN	
223,4	0	-68,5	NAN	
223,5	0	-68,5	NAN	
223,6	-0,0015	-68,5	NAN	
223,7	0	-68,5	NAN	
223,8	-0,0015	-68,5	NAN	
223,9	0,0015	-68,5	NAN	
224	0,0015	-68,5	NAN	
224,1	0,0015	-68,5	NAN	
224,2	0	-68,5	NAN	
224,3	0	-68,5	NAN	
224,4	0	-68,5	NAN	
224,5	0	-68,5	NAN	
224,6	0	-68,5	NAN	
224,7	0	-68,5	NAN	
224,8	0,0015	-68,5	NAN	
224,9	0	-69	NAN	
225	0	-68,5	NAN	
225,1	0	-68,5	NAN	
225,2	0	-68,5	NAN	
225,3	0	-68,5	NAN	
225,4	-0,0015	-68,5	NAN	
225,5	0	-68,5	NAN	
225,6	0	-68,5	NAN	
225,7	0	-68	NAN	
225,8	0	-68,5	NAN	
225,9	0	-68,5	NAN	
226	0	-68	NAN	
226,1	0	-68,5	NAN	
226,2	0	-68,5	NAN	
226,3	0	-68,5	NAN	
226,4	0	-68,5	NAN	
226,5	0	-68,5	NAN	
226,6	-0,0015	-68,5	NAN	
226,7	0	-68,5	NAN	
226,8	0	-68,5	NAN	
226,9	0	-68,5	NAN	
227	0	-68,5	NAN	
227,1	0,0015	-68,5	NAN	
227,2	0,0015	-68,5	NAN	
227,3	0	-68,5	NAN	
227,4	0	-68,5	NAN	
227,5	0	-69	NAN	
227,6	0	-68,5	NAN	
227,7	0	-68,5	NAN	
227,8	0	-68,5	NAN	
227,9	0	-68,5	NAN	
228	0	-68,5	NAN	
228,1	0	-68,5	NAN	
228,2	-0,0015	-68,5	NAN	
228,3	-0,0015	-68,5	NAN	
228,4	-0,0015	-68,5	NAN	
228,5	0	-68,5	NAN	
228,6	0	-68,5	NAN	
228,7	0,003	-68,5	NAN	
228,8	0	-68,5	NAN	
228,9	0	-68,5	NAN	
229	0,0015	-68,5	NAN	
229,1	0	-68,5	NAN	
229,2	0	-68,5	NAN	
229,3	-0,0015	-68,5	NAN	
229,4	0	-68,5	NAN	
229,5	0	-68,5	NAN	
229,6	0	-68,5	NAN	
229,7	-0,003	-68,5	NAN	
229,8	0,0015	-68,5	NAN	
229,9	0	-68,5	NAN	
230	0	-68,5	NAN	
230,1	0	-68,5	NAN	
230,2	0	-68,5	NAN	
230,3	0	-68,5	NAN	
230,4	0	-68,5	NAN	
230,5	0	-68,5	NAN	
230,6	0	-68,5	NAN	
230,7	0	-68,5	NAN	
230,8	0,0015	-68,5	NAN	
230,9	0	-68,5	NAN	
231	0	-68,5	NAN	
231,1	0	-68,5	NAN	
231,2	0	-68,5	NAN	
231,3	0	-68,5	NAN	
231,4	0	-68,5	NAN	
231,5	0	-68,5	NAN	
231,6	0	-68,5	NAN	
231,7	0,0015	-68,5	NAN	
231,8	0	-68,5	NAN	
231,9	0	-68,5	NAN	
232	0	-68,5	NAN	
232,1	-0,0075	-67,5	NAN	
232,2	-0,0105	-65,5	NAN	
232,3	-0,003	-66	NAN	
232,4	0	-66	NAN	
232,5	-0,0045	-66	NAN	
232,6	-0,0165	-63	NAN	
232,7	-0,0255	-60	NAN	
232,8	-0,0435	-52,5	NAN	
232,9	-0,072	-40,5	NAN	
233	-0,0825	-34	NAN	
233,1	-0,102	-26	NAN	
233,2	-0,123	-17	NAN	
233,3	-0,1245	-13	NAN	
233,4	-0,126	-10,5	NAN	
233,5	-0,147	-4,5	NAN	
233,6	-0,1515	0,5	NAN	
233,7	-0,162	4,5	NAN	
233,8	-0,1635	7,5	NAN	
233,9	-0,165	8,5	NAN	
234	-0,165	9,5	NAN	
234,1	-0,1695	11	NAN	
234,2	-0,1785	14	NAN	
234,3	-0,183	15,5	NAN	
234,4	-0,183	17	NAN	
234,5	-0,186	18	NAN	
234,6	-0,192	20,5	NAN	
234,7	-0,198	24	NAN	
234,8	-0,204	26	NAN	
234,9	-0,2055	28	NAN	
235	-0,2115	30	NAN	
235,1	-0,213	31	NAN	
235,2	-0,2145	32,5	NAN	
235,3	-0,2145	33,5	NAN	
235,4	-0,216	34	NAN	
235,5	-0,216	34,5	NAN	
235,6	-0,2175	34,5	NAN	
235,7	-0,216	34,5	NAN	
235,8	-0,2145	34,5	NAN	
235,9	-0,2175	34,5	NAN	
236	-0,2205	36	NAN	
236,1	-0,228	38	NAN	
236,2	-0,2385	42	NAN	
236,3	-0,24	45,5	NAN	
236,4	-0,2385	46	NAN	
236,5	-0,24	46,5	NAN	
236,6	-0,24	47	NAN	
236,7	-0,2445	47,5	NAN	
236,8	-0,2445	48	NAN	
236,9	-0,255	50	NAN	
237	-0,2595	53	NAN	
237,1	-0,2565	53,5	NAN	
237,2	-0,261	54,5	NAN	
237,3	-0,2745	59	NAN	
237,4	-0,279	62	NAN	
237,5	-0,2835	64	NAN	
237,6	-0,285	65,5	NAN	
237,7	-0,285	66,5	NAN	
237,8	-0,2895	68,5	NAN	
237,9	-0,285	69	NAN	
238	-0,288	69,5	NAN	
238,1	-0,291	69,5	NAN	
238,2	-0,2925	70,5	NAN	
238,3	-0,294	71	NAN	
238,4	-0,3045	73,5	NAN	
238,5	-0,3	75	NAN	
238,6	-0,312	77	NAN	
238,7	-0,3075	78,5	NAN	
238,8	-0,321	81,5	NAN	
238,9	-0,324	83,5	NAN	
239	-0,324	84,5	NAN	
239,1	-0,3225	85	NAN	
239,2	-0,3255	86	NAN	
239,3	-0,33	87	NAN	
239,4	-0,336	88,5	NAN	
239,5	-0,342	91,5	NAN	
239,6	-0,345	93,5	NAN	
239,7	-0,3525	95,5	NAN	
239,8	-0,357	98,5	NAN	
239,9	-0,36	101	NAN	
240	-0,3645	102,5	NAN	
240,1	-0,363	103,5	NAN	
240,2	-0,363	104,5	NAN	
240,3	-0,3645	104,5	NAN	
240,4	-0,3675	105	NAN	
240,5	-0,3675	105,5	NAN	
240,6	-0,369	106	NAN	
240,7	-0,3765	108,5	NAN	
240,8	-0,375	109,5	NAN	
240,9	-0,3795	110,5	NAN	
241	-0,381	111,5	NAN	
241,1	-0,381	112	NAN	
241,2	-0,3795	112	NAN	
241,3	-0,3795	112,5	NAN	
241,4	-0,3795	112	NAN	
241,5	-0,3795	112,5	NAN	
241,6	-0,4125	120,5	NAN	
241,7	-0,42	126,5	NAN	
241,8	-0,435	132,5	NAN	
241,9	-0,45	139,5	NAN	
242	-0,4575	143,5	NAN	
242,1	-0,459	146,5	NAN	
242,2	-0,4635	148,5	NAN	
242,3	-0,4665	150,5	NAN	
242,4	-0,474	152,5	NAN	
242,5	-0,48	155,5	NAN	
242,6	-0,486	159	NAN	
242,7	-0,489	161	NAN	
242,8	-0,5025	166	NAN	
242,9	-0,507	168,5	NAN	
243	-0,5085	170	NAN	
243,1	-0,5145	172,5	NAN	
243,2	-0,522	175,5	NAN	
243,3	-0,5295	178,5	NAN	
243,4	-0,5295	180	NAN	
243,5	-0,531	181	NAN	
243,6	-0,5355	182,5	NAN	
243,7	-0,54	184	NAN	
243,8	-0,543	185,5	NAN	
243,9	-0,5415	186,5	NAN	
244	-0,546	188	NAN	
244,1	-0,549	189	NAN	
244,2	-0,5475	189,5	NAN	
244,3	-0,5505	190	NAN	
244,4	-0,5505	191	NAN	
244,5	-0,5535	191	NAN	
244,6	-0,5505	191,5	NAN	
244,7	-0,5625	194	NAN	
244,8	-0,564	195	NAN	
244,9	-0,5685	196	NAN	
245	-0,567	197	NAN	
245,1	-0,5685	198	NAN	
245,2	-0,5715	199	NAN	
245,3	-0,5745	200,5	NAN	
245,4	-0,5745	201,5	NAN	
245,5	-0,579	202,5	NAN	
245,6	-0,582	204	NAN	
245,7	-0,5805	204,5	NAN	
245,8	-0,5865	205,5	NAN	
245,9	-0,582	206	NAN	
246	-0,5865	206	NAN	
246,1	-0,5865	207	NAN	
246,2	-0,594	209,5	NAN	
246,3	-0,5925	209,5	NAN	
246,4	-0,594	210	NAN	
246,5	-0,597	211,5	NAN	
246,6	-0,603	213,5	NAN	
246,7	-0,6105	216	NAN	
246,8	-0,6135	218	NAN	
246,9	-0,6165	219,5	NAN	
247	-0,6225	221	NAN	
247,1	-0,6225	222	NAN	
247,2	-0,6285	224	NAN	
247,3	-0,633	226,5	NAN	
247,4	-0,6405	229	NAN	
247,5	-0,6435	231	NAN	
247,6	-0,6405	232	NAN	
247,7	-0,645	233	NAN	
247,8	-0,642	233	NAN	
247,9	-0,6405	233	NAN	
248	-0,642	233	NAN	
248,1	-0,642	233	NAN	
248,2	-0,642	233,5	NAN	
248,3	-0,6435	233,5	NAN	
248,4	-0,648	234,5	NAN	
248,5	-0,663	239	NAN	
248,6	-0,675	243	NAN	
248,7	-0,6795	246,5	NAN	
248,8	-0,681	249	NAN	
248,9	-0,6855	250,5	NAN	
249	-0,687	251,5	NAN	
249,1	-0,6855	252	NAN	
249,2	-0,6915	253,5	NAN	
249,3	-0,6945	255,5	NAN	
249,4	-0,699	256,5	NAN	
249,5	-0,7035	258	NAN	
249,6	-0,7065	259,5	NAN	
249,7	-0,7095	261	NAN	
249,8	-0,7185	264,5	NAN	
249,9	-0,723	266,5	NAN	
250	-0,7245	268	NAN	
250,1	-0,72	268	NAN	
250,2	-0,7305	270,5	NAN	
250,3	-0,7395	274	NAN	
250,4	-0,75	277,5	NAN	
250,5	-0,7575	281	NAN	
250,6	-0,7635	284	NAN	
250,7	-0,7635	285,5	NAN	
250,8	-0,7695	287	NAN	
250,9	-0,7725	288,5	NAN	
251	-0,777	290	NAN	
251,1	-0,78	291,5	NAN	
251,2	-0,7815	292,5	NAN	
251,3	-0,786	294,5	NAN	
251,4	-0,789	296	NAN	
251,5	-0,789	297,5	NAN	
251,6	-0,7875	297,5	NAN	
251,7	-0,786	297,5	NAN	
251,8	-0,789	298	NAN	
251,9	-0,792	298,5	NAN	
252	-0,804	301,5	NAN	
252,1	-0,834	311	NAN	
252,2	-0,8415	316	NAN	
252,3	-0,849	319	NAN	
252,4	-0,849	321,5	NAN	
252,5	-0,8565	323	NAN	
252,6	-0,8715	328,5	NAN	
252,7	-0,8985	336,5	NAN	
252,8	-0,93	350	NAN	
252,9	-0,9405	356,5	NAN	
253	-0,9405	359	NAN	
253,1	-0,9345	360	NAN	
253,2	-0,9345	360,5	NAN	
253,3	-0,936	361	NAN	
253,4	-0,936	362	NAN	
253,5	-0,948	364	NAN	
253,6	-0,9675	368,5	NAN	
253,7	-0,993	377	NAN	
253,8	-1,0005	382	NAN	
253,9	-1,017	387,5	NAN	
254	-1,0335	394	NAN	
254,1	-1,0755	407,5	NAN	
254,2	-1,092	417,5	NAN	
254,3	-1,1115	425	NAN	
254,4	-1,1175	428,5	NAN	
254,5	-1,1355	435	NAN	
254,6	-1,143	438,5	NAN	
254,7	-1,1535	444	NAN	
254,8	-1,164	447,5	NAN	
254,9	-1,1685	451	NAN	
255	-1,191	458,5	NAN	
255,1	-1,2105	463,5	NAN	
255,2	-1,2345	471,5	NAN	
255,3	-1,2555	480	NAN	
255,4	-1,266	484,5	NAN	
255,5	-1,275	489	NAN	
255,6	-1,2915	494	NAN	
255,7	-1,2945	498	NAN	
255,8	-1,3035	501	NAN	
255,9	-1,311	504	NAN	
256	-1,3125	505,5	NAN	
256,1	-1,3305	509,5	NAN	
256,2	-1,332	511,5	NAN	
256,3	-1,341	514,5	NAN	
256,4	-1,35	517,5	NAN	
256,5	-1,3605	521,5	NAN	
256,6	-1,365	523,5	NAN	
256,7	-1,368	525	NAN	
256,8	-1,3875	530	NAN	
256,9	-1,4055	535	NAN	
257	-1,407	538	NAN	
257,1	-1,4025	539	NAN	
257,2	-1,4145	541	NAN	
257,3	-1,416	541,5	NAN	
257,4	-1,4235	543	NAN	
257,5	-1,428	545	NAN	
257,6	-1,437	547,5	NAN	
257,7	-1,44	551	NAN	
257,8	-1,4415	552	NAN	
257,9	-1,437	552	NAN	
258	-1,4475	553	NAN	
258,1	-1,4535	554,5	NAN	
258,2	-1,4565	556,5	NAN	
258,3	-1,4655	558,5	NAN	
258,4	-1,455	559	NAN	
258,5	-1,4625	559,5	NAN	
258,6	-1,464	560	NAN	
258,7	-1,467	562	NAN	
258,8	-1,4865	565	NAN	
258,9	-1,4865	566	NAN	
259	-1,485	566,5	NAN	
259,1	-1,488	568	NAN	
259,2	-1,491	569,5	NAN	
259,3	-1,4895	569,5	NAN	
259,4	-1,494	569	NAN	
259,5	-1,4955	570	NAN	
259,6	-1,4895	569,5	NAN	
259,7	-1,5015	571	NAN	
259,8	-1,5015	572	NAN	
259,9	-1,509	573	NAN	
260	-1,5075	574,5	NAN	
260,1	-1,5105	574,5	NAN	
260,2	-1,5105	575	NAN	
260,3	-1,509	575	NAN	
260,4	-1,5105	575,5	NAN	
260,5	-1,515	575,5	NAN	
260,6	-1,518	576,5	NAN	
260,7	-1,5255	579	NAN	
260,8	-1,533	581	NAN	
260,9	-1,533	582	NAN	
261	-1,533	583	NAN	
261,1	-1,5345	583,5	NAN	
261,2	-1,5435	585,5	NAN	
261,3	-1,536	585	NAN	
261,4	-1,53	584,5	NAN	
261,5	-1,5375	585	NAN	
261,6	-1,5435	586,5	NAN	
261,7	-1,5405	586	NAN	
261,8	-1,557	589	NAN	
261,9	-1,5645	591,5	NAN	
262	-1,5735	594	NAN	
262,1	-1,5945	598,5	NAN	
262,2	-1,602	602,5	NAN	
262,3	-1,608	605	NAN	
262,4	-1,608	606,5	NAN	
262,5	-1,6185	609,5	NAN	
262,6	-1,6185	610	NAN	
262,7	-1,608	610	NAN	
262,8	-1,605	609,5	NAN	
262,9	-1,6065	609	NAN	
263	-1,608	609,5	NAN	
263,1	-1,602	609	NAN	
263,2	-1,6155	610,5	NAN	
263,3	-1,6245	611,5	NAN	
263,4	-1,638	616,5	NAN	
263,5	-1,653	619,5	NAN	
263,6	-1,683	626,5	NAN	
263,7	-1,7055	632,5	NAN	
263,8	-1,704	636	NAN	
263,9	-1,704	637	NAN	
264	-1,7025	637,5	NAN	
264,1	-1,7085	638	NAN	
264,2	-1,7085	639	NAN	
264,3	-1,7115	639,5	NAN	
264,4	-1,713	640	NAN	
264,5	-1,716	640,5	NAN	
264,6	-1,7175	642	NAN	
264,7	-1,7205	642,5	NAN	
264,8	-1,7265	644,5	NAN	
264,9	-1,7265	645	NAN	
265	-1,7265	645	NAN	
265,1	-1,725	645	NAN	
265,2	-1,7265	645	NAN	
265,3	-1,725	645	NAN	
265,4	-1,725	645	NAN	
265,5	-1,7265	645	NAN	
265,6	-1,7235	645,5	NAN	
265,7	-1,728	645,5	NAN	
265,8	-1,728	645,5	NAN	
265,9	-1,7235	645	NAN	
266	-1,731	646	NAN	
266,1	-1,725	645,5	NAN	
266,2	-1,7295	646	NAN	
266,3	-1,728	646	NAN	
266,4	-1,7265	646	NAN	
266,5	-1,728	646	NAN	
266,6	-1,7295	646	NAN	
266,7	-1,728	646	NAN	
266,8	-1,728	646	NAN	
266,9	-1,728	646	NAN	
267	-1,728	646	NAN	
267,1	-1,728	646	NAN	
267,2	-1,731	646	NAN	
267,3	-1,7235	645,5	NAN	
267,4	-1,7235	645,5	NAN	
267,5	-1,725	645,5	NAN	
267,6	-1,728	646	NAN	
267,7	-1,7385	646,5	NAN	
267,8	-1,734	647,5	NAN	
267,9	-1,731	647	NAN	
268	-1,7265	647	NAN	
268,1	-1,74	647,5	NAN	
268,2	-1,7505	651	NAN	
268,3	-1,758	653	NAN	
268,4	-1,7535	653,5	NAN	
268,5	-1,7565	653,5	NAN	
268,6	-1,7565	654	NAN	
268,7	-1,755	654	NAN	
268,8	-1,7565	654	NAN	
268,9	-1,7565	654	NAN	
269	-1,7565	654,5	NAN	
269,1	-1,7565	654,5	NAN	
269,2	-1,758	654,5	NAN	
269,3	-1,7565	654,5	NAN	
269,4	-1,7565	654,5	NAN	
269,5	-1,758	654,5	NAN	
269,6	-1,758	654,5	NAN	
269,7	-1,758	654,5	NAN	
269,8	-1,7565	654,5	NAN	
269,9	-1,755	654,5	NAN	
270	-1,758	654,5	NAN	
270,1	-1,7565	654,5	NAN	
270,2	-1,758	654,5	NAN	
270,3	-1,755	654,5	NAN	
270,4	-1,7535	654	NAN	
270,5	-1,7535	654	NAN	
270,6	-1,7565	654,5	NAN	
270,7	-1,752	654	NAN	
270,8	-1,749	654	NAN	
270,9	-1,7505	654	NAN	
271	-1,7445	653,5	NAN	
271,1	-1,7505	653,5	NAN	
271,2	-1,7475	653	NAN	
271,3	-1,7475	653	NAN	
271,4	-1,749	653,5	NAN	
271,5	-1,7505	653,5	NAN	
271,6	-1,7565	654,5	NAN	
271,7	-1,752	654,5	NAN	
271,8	-1,743	653,5	NAN	
271,9	-1,749	654	NAN	
272	-1,749	653,5	NAN	
272,1	-1,746	653,5	NAN	
272,2	-1,7505	654	NAN	
272,3	-1,7475	653,5	NAN	
272,4	-1,7475	653,5	NAN	
272,5	-1,7475	653,5	NAN	
272,6	-1,749	653,5	NAN	
272,7	-1,749	653,5	NAN	
272,8	-1,7505	653,5	NAN	
272,9	-1,7505	653,5	NAN	
273	-1,7505	654	NAN	
273,1	-1,7505	654	NAN	
273,2	-1,749	654	NAN	
273,3	-1,7445	653,5	NAN	
273,4	-1,7505	653,5	NAN	
273,5	-1,758	654,5	NAN	
273,6	-1,755	654	NAN	
273,7	-1,7295	652	NAN	
273,8	-1,737	652,5	NAN	
273,9	-1,7415	652,5	NAN	
274	-1,7385	652,5	NAN	
274,1	-1,74	652,5	NAN	
274,2	-1,74	652,5	NAN	
274,3	-1,74	652,5	NAN	
274,4	-1,74	653	NAN	
274,5	-1,7385	652,5	NAN	
274,6	-1,7415	652,5	NAN	
274,7	-1,7415	652,5	NAN	
274,8	-1,7385	653	NAN	
274,9	-1,7415	652,5	NAN	
275	-1,74	652,5	NAN	
275,1	-1,7415	653	NAN	
275,2	-1,7415	653	NAN	
275,3	-1,7415	653	NAN	
275,4	-1,74	653	NAN	
275,5	-1,7385	652,5	NAN	
275,6	-1,74	653	NAN	
275,7	-1,7415	652,5	NAN	
275,8	-1,74	653	NAN	
275,9	-1,74	653	NAN	
276	-1,7415	653	NAN	
276,1	-1,7415	653	NAN	
276,2	-1,7415	653	NAN	
276,3	-1,74	653	NAN	
276,4	-1,7415	653	NAN	
276,5	-1,7415	652,5	NAN	
276,6	-1,7415	653	NAN	
276,7	-1,7415	652,5	NAN	
276,8	-1,743	652,5	NAN	
276,9	-1,7415	653	NAN	
277	-1,74	652,5	NAN	
277,1	-1,74	653	NAN	
277,2	-1,7415	653	NAN	
277,3	-1,7385	653	NAN	
277,4	-1,74	653	NAN	
277,5	-1,743	653	NAN	
277,6	-1,743	653	NAN	
277,7	-1,7415	652,5	NAN	
277,8	-1,7415	652,5	NAN	
277,9	-1,743	653	NAN	
278	-1,743	653	NAN	
278,1	-1,74	653	NAN	
278,2	-1,7415	653	NAN	
278,3	-1,7415	653	NAN	
278,4	-1,74	652,5	NAN	
