MIN=0	-3	-1000	0	
MAX=160	3	1000	5	
SCALE=50	1	500	1	
DEC=1	3	0	3	
DEF="Zeit" t / s	"Strom" I_A1 / A	"Magn. Flussdichte" B_B1 / mT	"Frequenz" f / Hz	
0	0	-2	NAN	
0,1	0,0015	-2	NAN	
0,2	0	-2	NAN	
0,3	0	-2	NAN	
0,4	0	-2	NAN	
0,5	0	-2	NAN	
0,6	-0,0015	-2	NAN	
0,7	0	-2	NAN	
0,8	0	-2	NAN	
0,9	0,0015	-2	NAN	
1	-0,0015	-1,5	NAN	
1,1	0	-2	NAN	
1,2	0	-2	NAN	
1,3	0,0015	-2	NAN	
1,4	0	-2	NAN	
1,5	-0,0015	-2	NAN	
1,6	0	-2	NAN	
1,7	0	-2	NAN	
1,8	-0,0015	-2	NAN	
1,9	0	-2	NAN	
2	-0,0015	-1,5	NAN	
2,1	0,0015	-2	NAN	
2,2	0,0015	-2	NAN	
2,3	0,0015	-2	NAN	
2,4	0	-2	NAN	
2,5	0	-2	NAN	
2,6	0,0015	-2	NAN	
2,7	0	-2	NAN	
2,8	0	-2	NAN	
2,9	-0,0015	-2	NAN	
3	0	-2	NAN	
3,1	0,0015	-2	NAN	
3,2	0	-2	NAN	
3,3	0	-2	NAN	
3,4	0	-2	NAN	
3,5	0	-2	NAN	
3,6	0	-2	NAN	
3,7	0	-2	NAN	
3,8	0	-2	NAN	
3,9	0,0015	-2	NAN	
4	0	-1,5	NAN	
4,1	-0,0015	-2	NAN	
4,2	-0,0015	-2,5	NAN	
4,3	0,0015	-2	NAN	
4,4	-0,0315	-5,5	NAN	
4,5	-0,105	-22	NAN	
4,6	-0,1755	-42,5	NAN	
4,7	-0,2325	-61,5	NAN	
4,8	-0,2835	-80	NAN	
4,9	-0,3195	-94,5	NAN	
5	-0,357	-109,5	NAN	
5,1	-0,39	-123,5	NAN	
5,2	-0,405	-134	NAN	
5,3	-0,432	-144	NAN	
5,4	-0,4485	-153,5	NAN	
5,5	-0,4665	-162	NAN	
5,6	-0,477	-168,5	NAN	
5,7	-0,504	-177,5	NAN	
5,8	-0,5355	-190	NAN	
5,9	-0,5595	-200,5	NAN	
6	-0,588	-212,5	NAN	
6,1	-0,6135	-223,5	NAN	
6,2	-0,6405	-235,5	NAN	
6,3	-0,6795	-251	NAN	
6,4	-0,7095	-264	NAN	
6,5	-0,7335	-276	NAN	
6,6	-0,7575	-287,5	NAN	
6,7	-0,792	-300	NAN	
6,8	-0,831	-315,5	NAN	
6,9	-0,87	-330,5	NAN	
7	-0,9	-345	NAN	
7,1	-0,9285	-357	NAN	
7,2	-0,945	-367	NAN	
7,3	-0,9465	-373,5	NAN	
7,4	-0,9375	-375	NAN	
7,5	-0,9375	-376,5	NAN	
7,6	-0,9375	-377,5	NAN	
7,7	-0,942	-378,5	NAN	
7,8	-0,9675	-382,5	NAN	
7,9	-1,0125	-393,5	NAN	
8	-1,074	-413,5	NAN	
8,1	-1,11	-430	NAN	
8,2	-1,143	-444	NAN	
8,3	-1,161	-453	NAN	
8,4	-1,1835	-462,5	NAN	
8,5	-1,212	-473	NAN	
8,6	-1,248	-485	NAN	
8,7	-1,2645	-494,5	NAN	
8,8	-1,2705	-499,5	NAN	
8,9	-1,284	-504	NAN	
9	-1,299	-509,5	NAN	
9,1	-1,3185	-516	NAN	
9,2	-1,332	-522	NAN	
9,3	-1,347	-527	NAN	
9,4	-1,3665	-533,5	NAN	
9,5	-1,3875	-541	NAN	
9,6	-1,4055	-547,5	NAN	
9,7	-1,413	-551,5	NAN	
9,8	-1,431	-557	NAN	
9,9	-1,4445	-561,5	NAN	
10	-1,458	-566,5	NAN	
10,1	-1,4685	-571	NAN	
10,2	-1,4865	-575,5	NAN	
10,3	-1,503	-581,5	NAN	
10,4	-1,518	-586,5	NAN	
10,5	-1,533	-591,5	NAN	
10,6	-1,545	-596	NAN	
10,7	-1,5525	-599,5	NAN	
10,8	-1,5615	-602,5	NAN	
10,9	-1,572	-605	NAN	
11	-1,587	-609,5	NAN	
11,1	-1,6035	-614,5	NAN	
11,2	-1,617	-619	NAN	
11,3	-1,6395	-625	NAN	
11,4	-1,6575	-630,5	NAN	
11,5	-1,671	-635,5	NAN	
11,6	-1,689	-640,5	NAN	
11,7	-1,6965	-644,5	NAN	
11,8	-1,7145	-649,5	NAN	
11,9	-1,7385	-655,5	NAN	
12	-1,758	-661,5	NAN	
12,1	-1,773	-666,5	NAN	
12,2	-1,785	-671	NAN	
12,3	-1,797	-675	NAN	
12,4	-1,8	-677,5	NAN	
12,5	-1,815	-680,5	NAN	
12,6	-1,83	-684,5	NAN	
12,7	-1,842	-688,5	NAN	
12,8	-1,8555	-692	NAN	
12,9	-1,8735	-697	NAN	
13	-1,887	-701,5	NAN	
13,1	-1,905	-705,5	NAN	
13,2	-1,9215	-711	NAN	
13,3	-1,941	-716	NAN	
13,4	-1,9515	-719,5	NAN	
13,5	-1,965	-723,5	NAN	
13,6	-1,9785	-727	NAN	
13,7	-1,989	-730	NAN	
13,8	-2,001	-733,5	NAN	
13,9	-2,0115	-736,5	NAN	
14	-2,0325	-740,5	NAN	
14,1	-2,0475	-745	NAN	
14,2	-2,0685	-750	NAN	
14,3	-2,0835	-755	NAN	
14,4	-2,094	-758,5	NAN	
14,5	-2,109	-762	NAN	
14,6	-2,124	-766	NAN	
14,7	-2,13	-769	NAN	
14,8	-2,1465	-772,5	NAN	
14,9	-2,1735	-777,5	NAN	
15	-2,193	-782,5	NAN	
15,1	-2,208	-787	NAN	
15,2	-2,2245	-791,5	NAN	
15,3	-2,2425	-796	NAN	
15,4	-2,253	-799,5	NAN	
15,5	-2,265	-802	NAN	
15,6	-2,2815	-806	NAN	
15,7	-2,3055	-810,5	NAN	
15,8	-2,3205	-815	NAN	
15,9	-2,3325	-818,5	NAN	
16	-2,325	-819	NAN	
16,1	-2,325	-819	NAN	
16,2	-2,325	-819	NAN	
16,3	-2,325	-819	NAN	
16,4	-2,325	-819	NAN	
16,5	-2,3265	-819	NAN	
16,6	-2,3355	-820	NAN	
16,7	-2,349	-822,5	NAN	
16,8	-2,379	-827,5	NAN	
16,9	-2,415	-834,5	NAN	
17	-2,436	-840,5	NAN	
17,1	-2,4555	-845,5	NAN	
17,2	-2,4795	-850,5	NAN	
17,3	-2,5065	-856	NAN	
17,4	-2,5335	-862	NAN	
17,5	-2,5635	-868	NAN	
17,6	-2,589	-873,5	NAN	
17,7	-2,6115	-878,5	NAN	
17,8	-2,634	-883	NAN	
17,9	-2,6505	-887	NAN	
18	-2,667	-890,5	NAN	
18,1	-2,694	-894,5	NAN	
18,2	-2,706	-898	NAN	
18,3	-2,721	-901	NAN	
18,4	-2,7345	-903,5	NAN	
18,5	-2,742	-905,5	NAN	
18,6	-2,7435	-906	NAN	
18,7	-2,742	-906	NAN	
18,8	-2,742	-906,5	NAN	
18,9	-2,742	-906,5	NAN	
19	-2,742	-906,5	NAN	
19,1	-2,7435	-906	NAN	
19,2	-2,7435	-906	NAN	
19,3	-2,7495	-907	NAN	
19,4	-2,7735	-910	NAN	
19,5	-2,802	-914,5	NAN	
19,6	-2,8215	-918,5	NAN	
19,7	-2,8515	-923	NAN	
19,8	-2,874	-927,5	NAN	
19,9	-2,889	-930,5	NAN	
20	-2,904	-933	NAN	
20,1	-2,9205	-936	NAN	
20,2	-2,9445	-939,5	NAN	
20,3	-2,955	-942	NAN	
20,4	-2,9655	-943,5	NAN	
20,5	-2,973	-944,5	NAN	
20,6	-2,9775	-946	NAN	
20,7	-2,976	-946	NAN	
20,8	-2,9775	-946,5	NAN	
20,9	-2,9775	-946	NAN	
21	-2,9775	-946,5	NAN	
21,1	-2,9775	-946	NAN	
21,2	-2,976	-946,5	NAN	
21,3	-2,9775	-946,5	NAN	
21,4	-2,976	-946,5	NAN	
21,5	-2,9775	-946,5	NAN	
21,6	-2,9775	-946,5	NAN	
21,7	-2,9775	-946,5	NAN	
21,8	-2,976	-946,5	NAN	
21,9	-2,9775	-946,5	NAN	
22	-2,9775	-946	NAN	
22,1	-2,9775	-946,5	NAN	
22,2	-2,9775	-946,5	NAN	
22,3	-2,9775	-946	NAN	
22,4	-2,9775	-946,5	NAN	
22,5	-2,9775	-946	NAN	
22,6	-2,9775	-946	NAN	
22,7	-2,9775	-946,5	NAN	
22,8	-2,9775	-946,5	NAN	
22,9	-2,9775	-946,5	NAN	
23	-2,9775	-946,5	NAN	
23,1	-2,9775	-946,5	NAN	
23,2	-2,9775	-946,5	NAN	
23,3	-2,9775	-946,5	NAN	
23,4	-2,979	-946,5	NAN	
23,5	-2,9775	-946,5	NAN	
23,6	-2,976	-946,5	NAN	
23,7	-2,9775	-946,5	NAN	
23,8	-2,9775	-946	NAN	
23,9	-2,976	-946,5	NAN	
24	-2,976	-946	NAN	
24,1	-2,9775	-946,5	NAN	
24,2	-2,9775	-946,5	NAN	
24,3	-2,976	-946,5	NAN	
24,4	-2,976	-946,5	NAN	
24,5	-2,979	-946,5	NAN	
24,6	-2,9775	-946,5	NAN	
24,7	-2,976	-946,5	NAN	
24,8	-2,9775	-946	NAN	
24,9	-2,976	-946,5	NAN	
25	-2,9775	-946,5	NAN	
25,1	-2,979	-946,5	NAN	
25,2	-2,9745	-946	NAN	
25,3	-2,967	-945,5	NAN	
25,4	-2,958	-945,5	NAN	
25,5	-2,934	-943,5	NAN	
25,6	-2,9085	-941,5	NAN	
25,7	-2,898	-940	NAN	
25,8	-2,895	-940,5	NAN	
25,9	-2,8785	-938,5	NAN	
26	-2,8725	-938	NAN	
26,1	-2,8695	-937,5	NAN	
26,2	-2,8695	-937,5	NAN	
26,3	-2,868	-937,5	NAN	
26,4	-2,8665	-937	NAN	
26,5	-2,8575	-936,5	NAN	
26,6	-2,8425	-935,5	NAN	
26,7	-2,835	-934,5	NAN	
26,8	-2,8245	-933	NAN	
26,9	-2,814	-932,5	NAN	
27	-2,802	-931,5	NAN	
27,1	-2,781	-929,5	NAN	
27,2	-2,7735	-928	NAN	
27,3	-2,7615	-927	NAN	
27,4	-2,751	-925,5	NAN	
27,5	-2,7255	-923,5	NAN	
27,6	-2,7015	-920,5	NAN	
27,7	-2,6715	-917,5	NAN	
27,8	-2,6475	-914,5	NAN	
27,9	-2,6355	-912,5	NAN	
28	-2,628	-911,5	NAN	
28,1	-2,6265	-911	NAN	
28,2	-2,622	-910,5	NAN	
28,3	-2,622	-910,5	NAN	
28,4	-2,6235	-910,5	NAN	
28,5	-2,6235	-910,5	NAN	
28,6	-2,6235	-910,5	NAN	
28,7	-2,625	-910,5	NAN	
28,8	-2,6205	-910,5	NAN	
28,9	-2,592	-907,5	NAN	
29	-2,544	-901,5	NAN	
29,1	-2,5215	-897,5	NAN	
29,2	-2,5035	-895	NAN	
29,3	-2,49	-892,5	NAN	
29,4	-2,457	-888,5	NAN	
29,5	-2,436	-884,5	NAN	
29,6	-2,4225	-882	NAN	
29,7	-2,4105	-880	NAN	
29,8	-2,388	-877	NAN	
29,9	-2,3685	-873,5	NAN	
30	-2,346	-870	NAN	
30,1	-2,337	-867	NAN	
30,2	-2,3205	-865	NAN	
30,3	-2,31	-862,5	NAN	
30,4	-2,2995	-860,5	NAN	
30,5	-2,2815	-857,5	NAN	
30,6	-2,2755	-856	NAN	
30,7	-2,2725	-855	NAN	
30,8	-2,2635	-853,5	NAN	
30,9	-2,2605	-852	NAN	
31	-2,256	-852	NAN	
31,1	-2,238	-849,5	NAN	
31,2	-2,22	-845,5	NAN	
31,3	-2,1885	-841,5	NAN	
31,4	-2,178	-837,5	NAN	
31,5	-2,1705	-835,5	NAN	
31,6	-2,154	-832,5	NAN	
31,7	-2,1375	-829	NAN	
31,8	-2,127	-826,5	NAN	
31,9	-2,124	-825	NAN	
32	-2,1225	-824,5	NAN	
32,1	-2,1195	-824	NAN	
32,2	-2,109	-822,5	NAN	
32,3	-2,085	-818,5	NAN	
32,4	-2,0745	-815	NAN	
32,5	-2,0625	-812,5	NAN	
32,6	-2,0505	-809,5	NAN	
32,7	-2,0475	-808	NAN	
32,8	-2,04	-807	NAN	
32,9	-2,0265	-804,5	NAN	
33	-2,01	-801,5	NAN	
33,1	-2,0025	-798,5	NAN	
33,2	-1,9995	-797,5	NAN	
33,3	-1,995	-796,5	NAN	
33,4	-1,974	-793,5	NAN	
33,5	-1,965	-790	NAN	
33,6	-1,959	-788	NAN	
33,7	-1,941	-784,5	NAN	
33,8	-1,9245	-781	NAN	
33,9	-1,917	-778	NAN	
34	-1,905	-775,5	NAN	
34,1	-1,8945	-773	NAN	
34,2	-1,8945	-771,5	NAN	
34,3	-1,8885	-770,5	NAN	
34,4	-1,8825	-770	NAN	
34,5	-1,8735	-767,5	NAN	
34,6	-1,8645	-765	NAN	
34,7	-1,863	-764	NAN	
34,8	-1,8645	-764	NAN	
34,9	-1,866	-763,5	NAN	
35	-1,8645	-764	NAN	
35,1	-1,8645	-763,5	NAN	
35,2	-1,863	-763,5	NAN	
35,3	-1,8645	-763,5	NAN	
35,4	-1,8615	-763,5	NAN	
35,5	-1,8585	-763	NAN	
35,6	-1,8375	-759,5	NAN	
35,7	-1,8225	-755,5	NAN	
35,8	-1,8	-751	NAN	
35,9	-1,7745	-745	NAN	
36	-1,7535	-739	NAN	
36,1	-1,725	-732,5	NAN	
36,2	-1,6965	-725	NAN	
36,3	-1,671	-717,5	NAN	
36,4	-1,641	-710	NAN	
36,5	-1,623	-703,5	NAN	
36,6	-1,6035	-697,5	NAN	
36,7	-1,587	-692,5	NAN	
36,8	-1,5705	-688	NAN	
36,9	-1,548	-681,5	NAN	
37	-1,5225	-675	NAN	
37,1	-1,5015	-668,5	NAN	
37,2	-1,491	-665	NAN	
37,3	-1,473	-659,5	NAN	
37,4	-1,464	-656	NAN	
37,5	-1,452	-653	NAN	
37,6	-1,446	-650	NAN	
37,7	-1,4325	-647	NAN	
37,8	-1,4235	-643,5	NAN	
37,9	-1,4055	-639	NAN	
38	-1,392	-635	NAN	
38,1	-1,3635	-628	NAN	
38,2	-1,3605	-624,5	NAN	
38,3	-1,353	-622	NAN	
38,4	-1,3365	-618,5	NAN	
38,5	-1,3245	-614	NAN	
38,6	-1,3185	-611,5	NAN	
38,7	-1,311	-608,5	NAN	
38,8	-1,2975	-605,5	NAN	
38,9	-1,287	-602	NAN	
39	-1,272	-598	NAN	
39,1	-1,2615	-594	NAN	
39,2	-1,2495	-590,5	NAN	
39,3	-1,236	-586	NAN	
39,4	-1,2285	-583	NAN	
39,5	-1,2225	-581	NAN	
39,6	-1,218	-579	NAN	
39,7	-1,2075	-576	NAN	
39,8	-1,1985	-573,5	NAN	
39,9	-1,1895	-571	NAN	
40	-1,1835	-568	NAN	
40,1	-1,1745	-566	NAN	
40,2	-1,1625	-562	NAN	
40,3	-1,1415	-556,5	NAN	
40,4	-1,1235	-551	NAN	
40,5	-1,1115	-545	NAN	
40,6	-1,0965	-541,5	NAN	
40,7	-1,0785	-535,5	NAN	
40,8	-1,0605	-529,5	NAN	
40,9	-1,0485	-525,5	NAN	
41	-1,038	-521	NAN	
41,1	-1,029	-517	NAN	
41,2	-1,0125	-512,5	NAN	
41,3	-1,0005	-508,5	NAN	
41,4	-0,9825	-502,5	NAN	
41,5	-0,972	-498,5	NAN	
41,6	-0,957	-493	NAN	
41,7	-0,948	-489,5	NAN	
41,8	-0,9435	-487,5	NAN	
41,9	-0,9375	-485	NAN	
42	-0,9255	-481,5	NAN	
42,1	-0,918	-478,5	NAN	
42,2	-0,9105	-475,5	NAN	
42,3	-0,8955	-471,5	NAN	
42,4	-0,8925	-468,5	NAN	
42,5	-0,8925	-467,5	NAN	
42,6	-0,8925	-467,5	NAN	
42,7	-0,8925	-467	NAN	
42,8	-0,8925	-467,5	NAN	
42,9	-0,891	-467,5	NAN	
43	-0,8925	-467	NAN	
43,1	-0,8925	-467	NAN	
43,2	-0,8835	-465,5	NAN	
43,3	-0,8655	-460	NAN	
43,4	-0,8325	-451	NAN	
43,5	-0,798	-438,5	NAN	
43,6	-0,762	-426	NAN	
43,7	-0,7335	-414,5	NAN	
43,8	-0,708	-404,5	NAN	
43,9	-0,69	-395,5	NAN	
44	-0,6705	-387,5	NAN	
44,1	-0,648	-380	NAN	
44,2	-0,633	-372,5	NAN	
44,3	-0,624	-367,5	NAN	
44,4	-0,6045	-361,5	NAN	
44,5	-0,5955	-355	NAN	
44,6	-0,582	-351	NAN	
44,7	-0,561	-343	NAN	
44,8	-0,5535	-337,5	NAN	
44,9	-0,546	-334,5	NAN	
45	-0,5385	-330,5	NAN	
45,1	-0,528	-326,5	NAN	
45,2	-0,5175	-322,5	NAN	
45,3	-0,51	-318,5	NAN	
45,4	-0,498	-313,5	NAN	
45,5	-0,4875	-309	NAN	
45,6	-0,4815	-306	NAN	
45,7	-0,474	-302,5	NAN	
45,8	-0,4695	-300	NAN	
45,9	-0,4575	-295,5	NAN	
46	-0,444	-290,5	NAN	
46,1	-0,435	-286	NAN	
46,2	-0,4215	-280	NAN	
46,3	-0,405	-272	NAN	
46,4	-0,393	-267	NAN	
46,5	-0,384	-262	NAN	
46,6	-0,3765	-258,5	NAN	
46,7	-0,372	-255,5	NAN	
46,8	-0,357	-250,5	NAN	
46,9	-0,348	-245,5	NAN	
47	-0,3315	-238,5	NAN	
47,1	-0,327	-234,5	NAN	
47,2	-0,3195	-231	NAN	
47,3	-0,3135	-228,5	NAN	
47,4	-0,303	-224	NAN	
47,5	-0,2925	-219	NAN	
47,6	-0,279	-212,5	NAN	
47,7	-0,264	-206,5	NAN	
47,8	-0,249	-199	NAN	
47,9	-0,231	-190,5	NAN	
48	-0,213	-183,5	NAN	
48,1	-0,201	-176	NAN	
48,2	-0,1845	-168,5	NAN	
48,3	-0,177	-163	NAN	
48,4	-0,171	-159,5	NAN	
48,5	-0,165	-156	NAN	
48,6	-0,1635	-154,5	NAN	
48,7	-0,165	-154	NAN	
48,8	-0,1635	-153,5	NAN	
48,9	-0,1635	-153	NAN	
49	-0,141	-147	NAN	
49,1	-0,1125	-134,5	NAN	
49,2	-0,0975	-126	NAN	
49,3	-0,072	-115,5	NAN	
49,4	-0,036	-98,5	NAN	
49,5	-0,0075	-85,5	NAN	
49,6	-0,0015	-77	NAN	
49,7	0	-74,5	NAN	
49,8	0,0015	-73	NAN	
49,9	0	-72,5	NAN	
50	0,0015	-72	NAN	
50,1	0	-71,5	NAN	
50,2	0	-71,5	NAN	
50,3	0	-71	NAN	
50,4	-0,0015	-71,5	NAN	
50,5	0	-71,5	NAN	
50,6	0,0015	-71,5	NAN	
50,7	0	-71	NAN	
50,8	0	-71	NAN	
50,9	0	-71	NAN	
51	0	-71	NAN	
51,1	0	-71	NAN	
51,2	0	-71	NAN	
51,3	0	-71	NAN	
51,4	-0,0015	-71	NAN	
51,5	-0,0015	-71	NAN	
51,6	0,0015	-71	NAN	
51,7	0	-71	NAN	
51,8	-0,0015	-71	NAN	
51,9	0,0015	-71	NAN	
52	0,0015	-70,5	NAN	
52,1	0,0015	-71	NAN	
52,2	0	-71	NAN	
52,3	0	-71	NAN	
52,4	0	-71	NAN	
52,5	0	-71	NAN	
52,6	0,0015	-71	NAN	
52,7	0	-71	NAN	
52,8	0	-71	NAN	
52,9	0	-71	NAN	
53	0	-71	NAN	
53,1	0	-71	NAN	
53,2	0,003	-71	NAN	
53,3	0	-71	NAN	
53,4	-0,0015	-71	NAN	
53,5	0,0015	-71	NAN	
53,6	0	-71	NAN	
53,7	-0,0015	-71	NAN	
53,8	0,0015	-71	NAN	
53,9	0	-71	NAN	
54	0,0015	-71,5	NAN	
54,1	-0,0015	-71	NAN	
54,2	0,0015	-70,5	NAN	
54,3	0	-70,5	NAN	
54,4	-0,0015	-70,5	NAN	
54,5	0,0015	-71	NAN	
54,6	0	-70,5	NAN	
54,7	0,0015	-71	NAN	
54,8	0,0015	-71	NAN	
54,9	0	-70,5	NAN	
55	0	-71	NAN	
55,1	0	-70,5	NAN	
55,2	0,0015	-71	NAN	
55,3	0	-71	NAN	
55,4	0,0015	-71	NAN	
55,5	0,0015	-70,5	NAN	
55,6	0	-71	NAN	
55,7	-0,0015	-71	NAN	
55,8	0	-71	NAN	
55,9	0	-70,5	NAN	
56	0	-70,5	NAN	
56,1	0,0015	-71	NAN	
56,2	0	-71	NAN	
56,3	0	-71	NAN	
56,4	0,0015	-71	NAN	
56,5	0,0015	-70,5	NAN	
56,6	0	-70,5	NAN	
56,7	0	-71	NAN	
56,8	0,0015	-71	NAN	
56,9	0	-70,5	NAN	
57	-0,0015	-70,5	NAN	
57,1	-0,0015	-70,5	NAN	
57,2	0	-71	NAN	
57,3	0,0015	-70,5	NAN	
57,4	-0,0015	-71	NAN	
57,5	0,0015	-71	NAN	
57,6	0,0015	-71	NAN	
57,7	-0,0015	-71	NAN	
57,8	-0,0015	-71	NAN	
57,9	0	-70,5	NAN	
58	0	-70,5	NAN	
58,1	0,0015	-71	NAN	
58,2	0	-70,5	NAN	
58,3	0,0225	-67	NAN	
58,4	0,0435	-58,5	NAN	
58,5	0,0615	-50,5	NAN	
58,6	0,072	-44	NAN	
58,7	0,081	-37,5	NAN	
58,8	0,09	-33,5	NAN	
58,9	0,096	-30,5	NAN	
59	0,0945	-29	NAN	
59,1	0,093	-28	NAN	
59,2	0,093	-27,5	NAN	
59,3	0,093	-27,5	NAN	
59,4	0,0915	-27	NAN	
59,5	0,096	-26,5	NAN	
59,6	0,1095	-24	NAN	
59,7	0,159	-6	NAN	
59,8	0,2055	14,5	NAN	
59,9	0,2445	32,5	NAN	
60	0,2715	47,5	NAN	
60,1	0,2865	57	NAN	
60,2	0,306	65,5	NAN	
60,3	0,3195	73,5	NAN	
60,4	0,3315	79,5	NAN	
60,5	0,3435	86	NAN	
60,601	0,3525	91,5	NAN	
60,7	0,366	96,5	NAN	
60,8	0,378	103	NAN	
60,9	0,396	110,5	NAN	
61	0,408	117	NAN	
61,1	0,4305	125,5	NAN	
61,2	0,447	133,5	NAN	
61,3	0,4635	141,5	NAN	
61,4	0,471	147	NAN	
61,5	0,477	151	NAN	
61,6	0,489	155	NAN	
61,7	0,5025	161	NAN	
61,8	0,5175	167,5	NAN	
61,9	0,5355	175	NAN	
62	0,552	182	NAN	
62,1	0,5655	189,5	NAN	
62,2	0,585	196,5	NAN	
62,3	0,5955	202,5	NAN	
62,4	0,5985	206,5	NAN	
62,5	0,615	212	NAN	
62,6	0,6285	219	NAN	
62,7	0,645	225,5	NAN	
62,8	0,672	235,5	NAN	
62,9	0,705	248,5	NAN	
63	0,735	262	NAN	
63,1	0,765	274,5	NAN	
63,2	0,7935	286,5	NAN	
63,3	0,822	298,5	NAN	
63,4	0,843	309,5	NAN	
63,5	0,8565	316,5	NAN	
63,6	0,8625	321,5	NAN	
63,7	0,8685	325,5	NAN	
63,8	0,867	327,5	NAN	
63,9	0,8685	329	NAN	
64	0,8685	329,5	NAN	
64,1	0,8685	330,5	NAN	
64,2	0,873	331,5	NAN	
64,3	0,891	335	NAN	
64,4	0,912	342	NAN	
64,5	0,9375	351,5	NAN	
64,6	0,9765	364	NAN	
64,7	1,0095	377,5	NAN	
64,8	1,0485	391,5	NAN	
64,9	1,08	405,5	NAN	
65	1,104	416,5	NAN	
65,1	1,128	426	NAN	
65,2	1,146	434,5	NAN	
65,3	1,1775	445	NAN	
65,4	1,1985	454,5	NAN	
65,5	1,2165	462,5	NAN	
65,6	1,254	474	NAN	
65,7	1,2885	486,5	NAN	
65,8	1,308	495,5	NAN	
65,9	1,326	503	NAN	
66	1,35	511	NAN	
66,1	1,3695	519	NAN	
66,2	1,3935	527	NAN	
66,3	1,4145	534,5	NAN	
66,4	1,4325	542,5	NAN	
66,5	1,4415	547	NAN	
66,6	1,461	552,5	NAN	
66,7	1,5	563	NAN	
66,8	1,5285	572,5	NAN	
66,9	1,5375	578	NAN	
67	1,548	582,5	NAN	
67,1	1,5645	587,5	NAN	
67,2	1,593	595	NAN	
67,3	1,614	602,5	NAN	
67,4	1,6305	608,5	NAN	
67,5	1,6275	610,5	NAN	
67,6	1,6275	611,5	NAN	
67,7	1,626	612	NAN	
67,8	1,6275	612,5	NAN	
67,9	1,6335	613,5	NAN	
68	1,662	618,5	NAN	
68,1	1,6965	627,5	NAN	
68,2	1,7415	639,5	NAN	
68,3	1,7685	649	NAN	
68,4	1,7895	656,5	NAN	
68,5	1,8045	662	NAN	
68,6	1,821	668	NAN	
68,7	1,833	671,5	NAN	
68,8	1,8495	676,5	NAN	
68,9	1,8735	682,5	NAN	
69	1,893	688,5	NAN	
69,1	1,9185	695	NAN	
69,2	1,9275	699	NAN	
69,3	1,941	703	NAN	
69,4	1,944	705,5	NAN	
69,5	1,9545	708	NAN	
69,6	1,962	710	NAN	
69,7	1,9665	711,5	NAN	
69,8	1,971	713,5	NAN	
69,9	1,98	715,5	NAN	
70	2,001	719,5	NAN	
70,1	2,0145	723	NAN	
70,2	2,025	726,5	NAN	
70,3	2,034	729,5	NAN	
70,4	2,04	732	NAN	
70,5	2,049	734,5	NAN	
70,6	2,0625	737	NAN	
70,7	2,073	740	NAN	
70,8	2,079	742,5	NAN	
70,9	2,088	744,5	NAN	
71	2,0925	746,5	NAN	
71,1	2,1	748	NAN	
71,2	2,1135	751	NAN	
71,3	2,1255	754,5	NAN	
71,4	2,1375	757	NAN	
71,5	2,1435	759,5	NAN	
71,6	2,157	762	NAN	
71,7	2,166	764,5	NAN	
71,8	2,1735	767	NAN	
71,9	2,178	769	NAN	
72	2,1855	770	NAN	
72,1	2,19	771,5	NAN	
72,2	2,2095	775	NAN	
72,3	2,223	778,5	NAN	
72,4	2,232	781	NAN	
72,5	2,235	782,5	NAN	
72,6	2,232	783	NAN	
72,7	2,2335	783	NAN	
72,8	2,232	783	NAN	
72,9	2,2335	783	NAN	
73	2,2335	783,5	NAN	
73,1	2,2335	783	NAN	
73,2	2,232	783,5	NAN	
73,3	2,241	784	NAN	
73,4	2,2515	786,5	NAN	
73,5	2,268	789,5	NAN	
73,6	2,28	792,5	NAN	
73,7	2,2935	796	NAN	
73,8	2,3055	798,5	NAN	
73,9	2,319	802	NAN	
74	2,3325	805	NAN	
74,1	2,3415	808	NAN	
74,2	2,349	810	NAN	
74,3	2,37	813	NAN	
74,4	2,388	817,5	NAN	
74,5	2,3925	820	NAN	
74,6	2,4015	821,5	NAN	
74,7	2,406	823,5	NAN	
74,8	2,4135	825	NAN	
74,9	2,427	827	NAN	
75	2,4345	829	NAN	
75,1	2,442	831	NAN	
75,2	2,4555	833,5	NAN	
75,3	2,472	836,5	NAN	
75,4	2,484	839,5	NAN	
75,5	2,4915	842	NAN	
75,6	2,4975	843,5	NAN	
75,7	2,5065	845	NAN	
75,8	2,5125	847	NAN	
75,9	2,523	849	NAN	
76	2,532	850,5	NAN	
76,1	2,5455	853	NAN	
76,2	2,55	855	NAN	
76,3	2,556	856	NAN	
76,4	2,568	858	NAN	
76,5	2,5755	860	NAN	
76,6	2,5815	861	NAN	
76,7	2,5875	862,5	NAN	
76,8	2,5935	864	NAN	
76,9	2,598	865	NAN	
77	2,6025	866	NAN	
77,1	2,6115	867	NAN	
77,2	2,6175	868,5	NAN	
77,3	2,6235	870	NAN	
77,4	2,631	871	NAN	
77,5	2,6355	872,5	NAN	
77,6	2,643	873,5	NAN	
77,7	2,6505	875	NAN	
77,8	2,6565	876,5	NAN	
77,9	2,664	877,5	NAN	
78	2,673	879	NAN	
78,1	2,679	880,5	NAN	
78,2	2,694	883	NAN	
78,3	2,7165	886	NAN	
78,4	2,736	890,5	NAN	
78,5	2,742	892,5	NAN	
78,6	2,748	893,5	NAN	
78,7	2,7495	894,5	NAN	
78,8	2,7525	895	NAN	
78,9	2,7585	895,5	NAN	
79	2,766	897	NAN	
79,1	2,781	899,5	NAN	
79,2	2,799	902	NAN	
79,3	2,8095	904,5	NAN	
79,4	2,811	905,5	NAN	
79,5	2,8185	906,5	NAN	
79,6	2,8185	906,5	NAN	
79,7	2,82	906,5	NAN	
79,8	2,8215	907	NAN	
79,9	2,8185	907	NAN	
80	2,8185	907	NAN	
80,1	2,817	907	NAN	
80,2	2,82	907	NAN	
80,3	2,8275	907,5	NAN	
80,4	2,8515	911	NAN	
80,5	2,889	916,5	NAN	
80,6	2,916	921,5	NAN	
80,7	2,937	925,5	NAN	
80,8	2,9475	928	NAN	
80,9	2,9535	929	NAN	
81	2,9565	930	NAN	
81,1	2,958	930	NAN	
81,2	2,9565	930,5	NAN	
81,3	2,955	930,5	NAN	
81,4	2,958	930,5	NAN	
81,5	2,958	930	NAN	
81,6	2,958	930,5	NAN	
81,7	2,9565	930,5	NAN	
81,8	2,9565	930,5	NAN	
81,9	2,958	930,5	NAN	
82	2,9565	930,5	NAN	
82,1	2,958	930,5	NAN	
82,2	2,958	930,5	NAN	
82,3	2,958	930	NAN	
82,4	2,958	930,5	NAN	
82,5	2,958	930,5	NAN	
82,6	2,9565	930,5	NAN	
82,7	2,958	930,5	NAN	
82,8	2,9565	930,5	NAN	
82,9	2,9565	930	NAN	
83	2,9565	930,5	NAN	
83,1	2,958	930,5	NAN	
83,2	2,9565	930,5	NAN	
83,3	2,9565	930,5	NAN	
83,4	2,958	930,5	NAN	
83,5	2,9565	930,5	NAN	
83,6	2,9565	930,5	NAN	
83,7	2,958	930,5	NAN	
83,8	2,958	930,5	NAN	
83,9	2,958	930,5	NAN	
84	2,958	930,5	NAN	
84,1	2,958	930,5	NAN	
84,2	2,9565	930,5	NAN	
84,3	2,955	930,5	NAN	
84,4	2,9325	929	NAN	
84,5	2,8935	926	NAN	
84,6	2,856	923	NAN	
84,7	2,826	920	NAN	
84,8	2,811	918	NAN	
84,9	2,793	916,5	NAN	
85	2,7765	915	NAN	
85,1	2,7555	912,5	NAN	
85,2	2,7405	910,5	NAN	
85,3	2,721	909	NAN	
85,4	2,7075	907,5	NAN	
85,5	2,6865	905	NAN	
85,6	2,6565	902	NAN	
85,7	2,637	898,5	NAN	
85,8	2,628	897,5	NAN	
85,9	2,6235	896,5	NAN	
86	2,6175	896,5	NAN	
86,1	2,598	894	NAN	
86,2	2,595	893	NAN	
86,3	2,592	892,5	NAN	
86,4	2,592	892,5	NAN	
86,5	2,5935	892,5	NAN	
86,6	2,592	892,5	NAN	
86,7	2,592	893	NAN	
86,8	2,592	892,5	NAN	
86,9	2,592	892,5	NAN	
87	2,5905	892,5	NAN	
87,1	2,58	891,5	NAN	
87,2	2,565	889,5	NAN	
87,3	2,547	887	NAN	
87,4	2,5305	885	NAN	
87,5	2,523	883,5	NAN	
87,6	2,493	880,5	NAN	
87,7	2,475	877	NAN	
87,8	2,4615	874,5	NAN	
87,9	2,454	873	NAN	
88	2,4435	871,5	NAN	
88,1	2,433	870	NAN	
88,2	2,43	869	NAN	
88,3	2,4285	868,5	NAN	
88,4	2,427	868,5	NAN	
88,5	2,4255	868	NAN	
88,6	2,4255	868	NAN	
88,7	2,424	867,5	NAN	
88,8	2,421	867,5	NAN	
88,9	2,415	866,5	NAN	
89	2,412	866	NAN	
89,1	2,4075	865,5	NAN	
89,2	2,3955	863,5	NAN	
89,3	2,385	862,5	NAN	
89,4	2,3685	859,5	NAN	
89,5	2,3535	857	NAN	
89,6	2,3445	855	NAN	
89,7	2,3415	854	NAN	
89,8	2,3295	852,5	NAN	
89,9	2,3175	850,5	NAN	
90	2,304	848,5	NAN	
90,1	2,2905	845,5	NAN	
90,2	2,2755	843	NAN	
90,3	2,2695	841,5	NAN	
90,4	2,2605	840	NAN	
90,5	2,2575	838,5	NAN	
90,6	2,259	838,5	NAN	
90,7	2,259	839	NAN	
90,8	2,259	838,5	NAN	
90,9	2,259	838,5	NAN	
91	2,2575	838,5	NAN	
91,1	2,253	838	NAN	
91,2	2,229	835	NAN	
91,3	2,2065	830,5	NAN	
91,4	2,1855	826,5	NAN	
91,5	2,172	823	NAN	
91,6	2,148	818,5	NAN	
91,7	2,1285	814	NAN	
91,8	2,112	810,5	NAN	
91,9	2,0925	807	NAN	
92	2,085	804,5	NAN	
92,1	2,0715	801	NAN	
92,2	2,061	798,5	NAN	
92,3	2,049	796	NAN	
92,4	2,046	795	NAN	
92,5	2,0475	794,5	NAN	
92,6	2,0475	794,5	NAN	
92,7	2,049	794,5	NAN	
92,8	2,0475	794,5	NAN	
92,9	2,049	794,5	NAN	
93	2,0355	793	NAN	
93,1	2,0085	789	NAN	
93,2	1,9905	784	NAN	
93,3	1,9755	780,5	NAN	
93,4	1,968	777,5	NAN	
93,5	1,9575	775	NAN	
93,6	1,9425	772	NAN	
93,7	1,9335	769,5	NAN	
93,8	1,926	767,5	NAN	
93,9	1,9095	764	NAN	
94	1,887	759,5	NAN	
94,1	1,884	757	NAN	
94,2	1,8765	756	NAN	
94,3	1,8705	753,5	NAN	
94,4	1,866	752,5	NAN	
94,5	1,8645	751,5	NAN	
94,6	1,8585	750,5	NAN	
94,7	1,8495	748,5	NAN	
94,8	1,8375	746	NAN	
94,9	1,833	744	NAN	
95	1,83	743	NAN	
95,1	1,8315	742,5	NAN	
95,2	1,8255	741,5	NAN	
95,3	1,8195	740	NAN	
95,4	1,812	738,5	NAN	
95,5	1,803	736,5	NAN	
95,6	1,797	735	NAN	
95,7	1,7925	733	NAN	
95,8	1,785	731,5	NAN	
95,9	1,776	729,5	NAN	
96	1,77	727,5	NAN	
96,1	1,7655	726	NAN	
96,2	1,7625	725,5	NAN	
96,3	1,761	724,5	NAN	
96,4	1,758	724	NAN	
96,5	1,7565	723	NAN	
96,6	1,7535	722,5	NAN	
96,7	1,7505	721,5	NAN	
96,8	1,749	721,5	NAN	
96,9	1,7505	721	NAN	
97	1,7475	721	NAN	
97,1	1,7505	721	NAN	
97,2	1,746	721	NAN	
97,3	1,716	715	NAN	
97,4	1,686	708	NAN	
97,5	1,665	702	NAN	
97,6	1,6485	697	NAN	
97,7	1,62	690	NAN	
97,8	1,5915	682	NAN	
97,9	1,5615	674,5	NAN	
98	1,5495	669	NAN	
98,1	1,5435	666	NAN	
98,2	1,5315	662,5	NAN	
98,3	1,5315	661	NAN	
98,4	1,5315	660,5	NAN	
98,5	1,533	660,5	NAN	
98,6	1,533	660,5	NAN	
98,7	1,533	660,5	NAN	
98,8	1,527	659,5	NAN	
98,9	1,4955	653,5	NAN	
99	1,4535	643,5	NAN	
99,1	1,4265	635	NAN	
99,2	1,3995	626,5	NAN	
99,3	1,365	617	NAN	
99,4	1,347	610	NAN	
99,5	1,3335	604,5	NAN	
99,6	1,3215	600	NAN	
99,7	1,3125	597	NAN	
99,8	1,296	592,5	NAN	
99,9	1,2915	590	NAN	
100	1,275	586	NAN	
100,1	1,2585	581	NAN	
100,2	1,245	576,5	NAN	
100,3	1,2315	572	NAN	
100,4	1,2255	569,5	NAN	
100,5	1,2285	568,5	NAN	
100,6	1,2285	568	NAN	
100,7	1,227	568	NAN	
100,8	1,227	568	NAN	
100,9	1,221	567,5	NAN	
101	1,2045	563,5	NAN	
101,1	1,1865	558	NAN	
101,2	1,161	550,5	NAN	
101,3	1,1355	543	NAN	
101,4	1,0995	532	NAN	
101,5	1,074	522,5	NAN	
101,6	1,053	515	NAN	
101,7	1,041	510	NAN	
101,8	1,02	503,5	NAN	
101,9	1,005	497,5	NAN	
102	0,9825	490,5	NAN	
102,1	0,9675	484,5	NAN	
102,2	0,9465	477	NAN	
102,3	0,936	472,5	NAN	
102,4	0,9255	468,5	NAN	
102,5	0,924	466,5	NAN	
102,6	0,924	466	NAN	
102,7	0,924	465,5	NAN	
102,8	0,924	465,5	NAN	
102,9	0,912	463,5	NAN	
103	0,8955	458,5	NAN	
103,1	0,87	450,5	NAN	
103,2	0,8415	441,5	NAN	
103,3	0,813	431	NAN	
103,4	0,7785	418	NAN	
103,5	0,7515	408	NAN	
103,6	0,732	400	NAN	
103,7	0,7215	394	NAN	
103,8	0,711	389	NAN	
103,9	0,696	384	NAN	
104	0,678	378	NAN	
104,1	0,666	372,5	NAN	
104,2	0,6495	365,5	NAN	
104,3	0,6345	359,5	NAN	
104,4	0,624	355	NAN	
104,5	0,6165	352	NAN	
104,6	0,612	349,5	NAN	
104,7	0,5955	344	NAN	
104,8	0,591	340,5	NAN	
104,9	0,585	337,5	NAN	
105	0,5745	333,5	NAN	
105,1	0,5565	326,5	NAN	
105,2	0,5445	321,5	NAN	
105,3	0,5355	317	NAN	
105,4	0,5325	314,5	NAN	
105,5	0,5355	314	NAN	
105,6	0,5355	313,5	NAN	
105,7	0,5355	313,5	NAN	
105,8	0,534	313,5	NAN	
105,9	0,531	313	NAN	
106	0,51	307	NAN	
106,1	0,471	291,5	NAN	
106,2	0,426	273,5	NAN	
106,3	0,387	255	NAN	
106,4	0,354	239	NAN	
106,5	0,3165	222	NAN	
106,6	0,273	204	NAN	
106,7	0,2475	189,5	NAN	
106,8	0,219	175,5	NAN	
106,9	0,177	157,5	NAN	
107	0,1425	140,5	NAN	
107,1	0,1035	120	NAN	
107,2	0,081	108,5	NAN	
107,3	0,0585	96,5	NAN	
107,4	0,039	84,5	NAN	
107,5	0,012	74	NAN	
107,6	-0,003	67	NAN	
107,7	0,0015	63	NAN	
107,8	-0,0015	61	NAN	
107,9	-0,0015	60,5	NAN	
108	0	59	NAN	
108,1	0	58,5	NAN	
108,2	0	58,5	NAN	
108,3	0	58	NAN	
108,4	0	58	NAN	
108,5	0	58	NAN	
108,6	0	58	NAN	
108,7	0	57,5	NAN	
108,8	0	57,5	NAN	
108,9	0,0015	58	NAN	
109	0	57,5	NAN	
109,1	0	57,5	NAN	
109,2	0	57,5	NAN	
109,3	-0,0015	57,5	NAN	
109,4	0	57,5	NAN	
109,5	0	57,5	NAN	
109,6	0,0015	57,5	NAN	
109,7	-0,0015	57,5	NAN	
109,8	0	57,5	NAN	
109,9	0	57,5	NAN	
110	0	57,5	NAN	
110,1	0	57,5	NAN	
110,2	0,0015	57,5	NAN	
110,3	0,0015	57,5	NAN	
110,4	0	57,5	NAN	
110,5	0	58	NAN	
110,6	0,0015	57,5	NAN	
110,7	0	57,5	NAN	
110,8	0	57,5	NAN	
110,9	-0,0015	57,5	NAN	
111	0,0015	57,5	NAN	
111,1	0,0015	57,5	NAN	
111,2	0,0015	57,5	NAN	
111,3	0,0015	57,5	NAN	
111,4	0,0015	57,5	NAN	
111,5	0	57,5	NAN	
111,6	0	57,5	NAN	
111,7	0	57,5	NAN	
111,8	0,0015	57,5	NAN	
111,9	0,0015	57,5	NAN	
112	0	57,5	NAN	
112,1	0	57,5	NAN	
112,2	0	57,5	NAN	
112,3	0,0015	57,5	NAN	
112,4	0,0015	57,5	NAN	
112,5	0	57,5	NAN	
112,6	0	57,5	NAN	
112,7	-0,0015	57,5	NAN	
112,8	0	57,5	NAN	
112,9	0	57,5	NAN	
113	0	57,5	NAN	
113,1	0	57,5	NAN	
113,2	0	57,5	NAN	
113,3	0,0015	57,5	NAN	
113,4	0,0015	58	NAN	
113,5	0,0015	57,5	NAN	
113,6	0	57,5	NAN	
113,7	-0,0015	57,5	NAN	
113,8	-0,0015	57,5	NAN	
113,9	0,0015	57,5	NAN	
114	0,0015	57,5	NAN	
114,1	0	57,5	NAN	
114,2	-0,0015	57,5	NAN	
114,3	0,0015	57,5	NAN	
114,4	0,0015	57,5	NAN	
114,5	0	57,5	NAN	
114,6	0,0015	57,5	NAN	
114,7	0	57,5	NAN	
114,8	0	57,5	NAN	
114,9	0	57,5	NAN	
115	-0,018	54,5	NAN	
115,1	-0,0285	49,5	NAN	
115,2	-0,0405	44,5	NAN	
115,3	-0,0405	42,5	NAN	
115,4	-0,0405	40,5	NAN	
115,5	-0,0435	39,5	NAN	
115,6	-0,048	38	NAN	
115,7	-0,0525	36,5	NAN	
115,8	-0,0495	35,5	NAN	
115,9	-0,054	34,5	NAN	
116	-0,054	33,5	NAN	
116,1	-0,0555	32,5	NAN	
116,2	-0,057	32,5	NAN	
116,3	-0,057	32	NAN	
116,4	-0,0615	30,5	NAN	
116,5	-0,069	29	NAN	
116,6	-0,072	26,5	NAN	
116,7	-0,081	23	NAN	
116,8	-0,087	20	NAN	
116,9	-0,0945	15,5	NAN	
117	-0,102	12,5	NAN	
117,1	-0,1035	11	NAN	
117,2	-0,1035	10,5	NAN	
117,3	-0,1065	9,5	NAN	
117,4	-0,1065	8,5	NAN	
117,5	-0,1065	8,5	NAN	
117,6	-0,108	8	NAN	
117,7	-0,114	6	NAN	
117,8	-0,1305	1	NAN	
117,9	-0,141	-5	NAN	
118	-0,1515	-10	NAN	
118,1	-0,1635	-15	NAN	
118,2	-0,165	-19	NAN	
118,3	-0,177	-22,5	NAN	
118,4	-0,1845	-26	NAN	
118,5	-0,1965	-32,5	NAN	
118,6	-0,219	-40,5	NAN	
118,7	-0,237	-49	NAN	
118,8	-0,2445	-54	NAN	
118,9	-0,249	-57,5	NAN	
119	-0,261	-62	NAN	
119,1	-0,27	-66,5	NAN	
119,2	-0,2745	-70,5	NAN	
119,3	-0,2775	-72,5	NAN	
119,4	-0,282	-74,5	NAN	
119,5	-0,2925	-78	NAN	
119,6	-0,3045	-82,5	NAN	
119,7	-0,309	-87	NAN	
119,8	-0,3165	-90	NAN	
119,9	-0,321	-92,5	NAN	
120	-0,3255	-95	NAN	
120,1	-0,3285	-96,5	NAN	
120,2	-0,33	-98	NAN	
120,3	-0,333	-99	NAN	
120,4	-0,333	-100	NAN	
120,5	-0,339	-101,5	NAN	
120,6	-0,3405	-103	NAN	
120,7	-0,3465	-105,5	NAN	
120,8	-0,3525	-108	NAN	
120,9	-0,36	-111,5	NAN	
121	-0,378	-118	NAN	
121,1	-0,4065	-129	NAN	
121,2	-0,432	-140	NAN	
121,3	-0,4455	-148	NAN	
121,4	-0,459	-154,5	NAN	
121,5	-0,468	-159,5	NAN	
121,6	-0,474	-163	NAN	
121,7	-0,477	-165,5	NAN	
121,8	-0,486	-169	NAN	
121,9	-0,4935	-173	NAN	
122	-0,504	-177,5	NAN	
122,1	-0,5175	-183	NAN	
122,2	-0,5295	-188,5	NAN	
122,3	-0,534	-192	NAN	
122,4	-0,537	-194	NAN	
122,5	-0,537	-195	NAN	
122,6	-0,543	-197	NAN	
122,7	-0,552	-200,5	NAN	
122,8	-0,5655	-204,5	NAN	
122,9	-0,573	-209,5	NAN	
123	-0,5865	-215	NAN	
123,1	-0,597	-220	NAN	
123,2	-0,6135	-226	NAN	
123,3	-0,618	-229,5	NAN	
123,4	-0,618	-231,5	NAN	
123,5	-0,621	-233,5	NAN	
123,6	-0,6285	-236	NAN	
123,7	-0,6315	-238	NAN	
123,8	-0,63	-239	NAN	
123,9	-0,6345	-240	NAN	
124	-0,648	-244	NAN	
124,1	-0,6735	-253,5	NAN	
124,2	-0,7035	-264,5	NAN	
124,3	-0,726	-274	NAN	
124,4	-0,7425	-282	NAN	
124,5	-0,756	-289,5	NAN	
124,6	-0,7695	-294,5	NAN	
124,7	-0,7785	-299,5	NAN	
124,8	-0,7785	-302,5	NAN	
124,9	-0,7785	-304	NAN	
125	-0,78	-305	NAN	
125,1	-0,777	-305,5	NAN	
125,2	-0,795	-308	NAN	
125,3	-0,834	-321	NAN	
125,4	-0,8565	-330,5	NAN	
125,5	-0,8865	-342	NAN	
125,6	-0,9105	-353	NAN	
125,7	-0,936	-363,5	NAN	
125,8	-0,9735	-376	NAN	
125,9	-1,011	-390,5	NAN	
126	-1,053	-407	NAN	
126,1	-1,071	-417,5	NAN	
126,2	-1,0935	-427	NAN	
126,3	-1,128	-438,5	NAN	
126,4	-1,155	-450,5	NAN	
126,5	-1,1775	-460	NAN	
126,6	-1,197	-468	NAN	
126,7	-1,2075	-475	NAN	
126,8	-1,221	-480	NAN	
126,9	-1,236	-486	NAN	
127	-1,257	-493,5	NAN	
127,1	-1,278	-500,5	NAN	
127,2	-1,3005	-509	NAN	
127,3	-1,311	-514,5	NAN	
127,4	-1,317	-518	NAN	
127,5	-1,32	-520,5	NAN	
127,6	-1,323	-522	NAN	
127,7	-1,3305	-524	NAN	
127,8	-1,335	-526	NAN	
127,9	-1,3335	-527	NAN	
128	-1,335	-527,5	NAN	
128,1	-1,335	-527,5	NAN	
128,2	-1,3335	-528	NAN	
128,3	-1,338	-528	NAN	
128,4	-1,344	-530	NAN	
128,5	-1,3575	-533	NAN	
128,6	-1,3815	-539,5	NAN	
128,7	-1,4115	-549	NAN	
128,8	-1,434	-557	NAN	
128,9	-1,449	-563	NAN	
129	-1,47	-569	NAN	
129,1	-1,4925	-577	NAN	
129,2	-1,5015	-581,5	NAN	
129,3	-1,5045	-584,5	NAN	
129,4	-1,5195	-587,5	NAN	
129,5	-1,5315	-592,5	NAN	
129,6	-1,5435	-596,5	NAN	
129,7	-1,5525	-599,5	NAN	
129,8	-1,5615	-602,5	NAN	
129,9	-1,5765	-607	NAN	
130	-1,5825	-609,5	NAN	
130,1	-1,587	-611,5	NAN	
130,2	-1,5915	-613,5	NAN	
130,3	-1,599	-615,5	NAN	
130,4	-1,599	-616,5	NAN	
130,5	-1,6035	-617,5	NAN	
130,6	-1,605	-618,5	NAN	
130,7	-1,6065	-619,5	NAN	
130,8	-1,6095	-620	NAN	
130,9	-1,6125	-620,5	NAN	
131	-1,626	-623,5	NAN	
131,1	-1,644	-628	NAN	
131,2	-1,653	-631,5	NAN	
131,3	-1,6545	-634	NAN	
131,4	-1,6635	-636	NAN	
131,5	-1,665	-637,5	NAN	
131,6	-1,668	-638,5	NAN	
131,7	-1,6725	-639,5	NAN	
131,8	-1,6755	-641	NAN	
131,9	-1,68	-642	NAN	
132	-1,6785	-642	NAN	
132,1	-1,6785	-642,5	NAN	
132,2	-1,6785	-642,5	NAN	
132,3	-1,6815	-642,5	NAN	
132,4	-1,689	-643,5	NAN	
132,5	-1,71	-648,5	NAN	
132,6	-1,7385	-655,5	NAN	
132,7	-1,755	-662	NAN	
132,8	-1,7655	-666	NAN	
132,9	-1,782	-669,5	NAN	
133	-1,8075	-677	NAN	
133,1	-1,8255	-683	NAN	
133,2	-1,833	-686,5	NAN	
133,3	-1,8375	-688,5	NAN	
133,4	-1,845	-691	NAN	
133,5	-1,8615	-694,5	NAN	
133,6	-1,8675	-697	NAN	
133,7	-1,884	-701,5	NAN	
133,8	-1,899	-705	NAN	
133,9	-1,92	-710	NAN	
134	-1,926	-714	NAN	
134,1	-1,941	-717,5	NAN	
134,2	-1,9455	-719,5	NAN	
134,3	-1,9515	-721	NAN	
134,4	-1,9575	-723,5	NAN	
134,5	-1,9635	-725	NAN	
134,6	-1,9725	-727	NAN	
134,7	-1,9815	-729	NAN	
134,8	-1,995	-732,5	NAN	
134,9	-2,007	-736	NAN	
135	-2,0145	-738,5	NAN	
135,1	-2,019	-739,5	NAN	
135,2	-2,025	-742	NAN	
135,3	-2,031	-743,5	NAN	
135,4	-2,037	-745,5	NAN	
135,5	-2,049	-748	NAN	
135,6	-2,067	-751,5	NAN	
135,7	-2,0775	-755	NAN	
135,8	-2,0805	-756,5	NAN	
135,9	-2,085	-758	NAN	
136	-2,091	-759	NAN	
136,1	-2,1	-761,5	NAN	
136,2	-2,1105	-764	NAN	
136,3	-2,118	-766	NAN	
136,4	-2,127	-768,5	NAN	
136,5	-2,1375	-771	NAN	
136,6	-2,154	-775	NAN	
136,7	-2,169	-778	NAN	
136,8	-2,1795	-781,5	NAN	
136,9	-2,1915	-784,5	NAN	
137	-2,2005	-787,5	NAN	
137,1	-2,205	-789	NAN	
137,2	-2,2035	-789,5	NAN	
137,3	-2,205	-790	NAN	
137,4	-2,2035	-790	NAN	
137,5	-2,205	-790	NAN	
137,6	-2,2035	-790	NAN	
137,7	-2,205	-790	NAN	
137,8	-2,217	-791,5	NAN	
137,9	-2,2425	-796	NAN	
138	-2,2785	-803,5	NAN	
138,1	-2,3235	-813	NAN	
138,2	-2,3475	-820	NAN	
138,3	-2,37	-826	NAN	
138,4	-2,3745	-828,5	NAN	
138,5	-2,3805	-830,5	NAN	
138,6	-2,3835	-832	NAN	
138,7	-2,3925	-833,5	NAN	
138,8	-2,397	-834,5	NAN	
138,9	-2,409	-837	NAN	
139	-2,424	-839,5	NAN	
139,1	-2,4345	-842,5	NAN	
139,2	-2,4435	-844,5	NAN	
139,3	-2,451	-846,5	NAN	
139,4	-2,4555	-848	NAN	
139,5	-2,4645	-849,5	NAN	
139,6	-2,4765	-852	NAN	
139,7	-2,484	-854	NAN	
139,8	-2,4855	-854,5	NAN	
139,9	-2,4855	-855	NAN	
140	-2,4855	-855	NAN	
140,1	-2,484	-855	NAN	
140,2	-2,484	-855	NAN	
140,3	-2,4825	-855	NAN	
140,4	-2,4885	-855	NAN	
140,5	-2,496	-856,5	NAN	
140,6	-2,5215	-860,5	NAN	
140,7	-2,5485	-866	NAN	
140,8	-2,5785	-871,5	NAN	
140,9	-2,607	-877,5	NAN	
141	-2,6265	-882	NAN	
141,1	-2,6385	-885,5	NAN	
141,2	-2,6535	-888	NAN	
141,3	-2,6625	-890,5	NAN	
141,4	-2,6805	-893,5	NAN	
141,5	-2,691	-896	NAN	
141,6	-2,7105	-899	NAN	
141,7	-2,7255	-901,5	NAN	
141,8	-2,7375	-904	NAN	
141,9	-2,7495	-906,5	NAN	
142	-2,76	-908,5	NAN	
142,1	-2,775	-911	NAN	
142,2	-2,793	-913,5	NAN	
142,3	-2,802	-916	NAN	
142,4	-2,808	-917,5	NAN	
142,5	-2,8185	-919,5	NAN	
142,6	-2,8365	-922	NAN	
142,7	-2,8545	-925,5	NAN	
142,8	-2,8725	-928	NAN	
142,9	-2,8935	-931	NAN	
143	-2,9085	-934	NAN	
143,1	-2,9205	-936	NAN	
143,2	-2,9355	-938,5	NAN	
143,3	-2,9445	-940,5	NAN	
143,4	-2,9505	-941,5	NAN	
143,5	-2,961	-943	NAN	
143,6	-2,9745	-945	NAN	
143,7	-2,982	-946,5	NAN	
143,8	-2,9835	-947	NAN	
143,9	-2,982	-947	NAN	
144	-2,982	-947	NAN	
144,1	-2,982	-947,5	NAN	
144,2	-2,982	-947	NAN	
144,3	-2,982	-947	NAN	
144,4	-2,9835	-947	NAN	
144,5	-2,9805	-947	NAN	
144,6	-2,982	-947,5	NAN	
144,7	-2,9835	-947	NAN	
144,8	-2,9835	-947	NAN	
144,9	-2,982	-947	NAN	
145	-2,982	-947	NAN	
