MIN=0	0	0	-1	0	0	-1	0	0	0	
MAX=12,5	21	70	1	21	70	1	200	200	5	
SCALE=5	10	50	0,5	10	50	0,5	100	100	1	
DEC=1	2	1	2	2	1	2	1	1	2	
DEF="Zeit" t / s	"Strom" I_A1 / A	"Spannung" U_B1 / V	"Leistungsfaktor" cos&j_1	"Strom" I_A2 / A	"Spannung" U_B2 / V	"Leistungsfaktor" cos&j_2	"P_ein" P_1 / W	"P_aus" P_2 / W	"Frequenz" f / Hz	
0	0,2341022529	47,10592549	0,413979651	-0,04214141217	46,65308136	-0,004161641808	4,565203358	0,008181899036	NAN	
0	0,2669848481	47,10375275	0,5762271152	-0,0312456896	46,55840418	-0,423554036	7,246625444	0,6161649989	NAN	
0	0,2669848481	47,11715853	0,5752071312	-0,0312456896	46,55663218	-0,4237849491	7,235856883	0,6164774558	NAN	
0	0,2669848481	47,12123779	0,575986487	-0,02975311552	46,5462673	-0,4223754371	7,246288149	0,5849462512	NAN	
0	0,2669848481	47,10846905	0,5755271828	-0,02108951582	46,58261478	-0,3074193479	7,238547795	0,3020102403	NAN	
0	0,234952826	47,13183163	0,4232616993	-0,04214141217	46,67156522	-0,04436082732	4,68709722	0,08724912654	NAN	
0	0,2662262649	47,12812405	0,5595952282	-0,0312456896	46,54492454	-0,4217430836	7,021098317	0,6133528868	NAN	
0	0,2662262649	47,10528958	0,5774692392	-0,0312456896	46,55888744	-0,4211870403	7,241848449	0,6127279731	NAN	
0	0,2684962311	47,1194366	0,5835547827	-0,02827510419	46,5559341	-0,4526314234	7,382779807	0,5958321864	NAN	
0	0,2707490648	47,12203241	0,5921508737	-0,02681123749	46,5277874	-0,4734539206	7,554806639	0,5906184059	NAN	
0	0,2722416252	47,10783317	0,5941377385	-0,02681123749	46,5318708	-0,4815530616	7,619646016	0,6007745425	NAN	
0	0,2766757245	47,10656139	0,6055726329	-0,02392436237	46,53842498	-0,5025618577	7,892574675	0,5595534497	NAN	
0	0,2795965116	47,12658797	0,6149005485	-0,02108951582	46,51381515	-0,5309770392	8,102193789	0,5208639658	NAN	
0	0,2817691454	47,10200389	0,6235807391	-0,01830398223	46,50467718	-0,5635725471	8,276095836	0,4797246659	NAN	
0	0,2889043744	47,11005871	0,6410276117	-0,0128711072	46,50542979	-0,5957601554	8,72457941	0,3566079524	NAN	
0	0,2931098884	47,11186026	0,6543062271	-0,006317132755	46,46541725	-0,6281888966	9,035283351	0,1843911619	NAN	
0	0,2986335345	47,10576651	0,6688618425	-0,003763296107	46,47601532	-0,660677248	9,409121364	0,1155544377	NAN	
0	0,3013608305	47,1042827	0,6733327177	3,918559921E-12	46,48026463	-0,6609413873	9,558217669	-1,203810236E-10	NAN	
0	0,3087476937	47,11609892	0,685980348	0,00730138675	46,43581592	-0,7024286751	9,978947121	-0,2381555279	NAN	
0	0,3192134018	47,08965404	0,7067810925	0,01661789977	46,40684217	-0,7298885036	10,62408506	-0,5628785197	NAN	
0	0,3243303543	47,09209246	0,7153669971	0,02222420989	46,40657281	-0,7493906645	10,92608274	-0,7728836231	NAN	
0	0,3243303543	47,09479579	0,7152571783	0,02332703585	46,38151571	-0,7482299626	10,92503255	-0,80954238	NAN	
0	0,3236947837	47,09214547	0,7131657146	0,02222420989	46,41610712	-0,7483894498	10,87112862	-0,7720095991	NAN	
0	0,35301436	47,09484879	0,7542726099	0,05402011752	46,31052796	-0,8234296798	12,53990124	-2,059974164	NAN	
0	0,3645883931	47,07093757	0,7689682917	0,06155052124	46,29341206	-0,8322163986	13,19666279	-2,371303793	NAN	
0	0,381339276	47,07692977	0,7890716423	0,0862426279	46,25667519	-0,8594032718	14,16563689	-3,428415089	NAN	
0	0,4214975083	47,07358908	0,8213324648	0,1254300349	46,13117167	-0,8976264431	16,29638638	-5,193877069	NAN	
0	0,4342736262	47,05688209	0,8425016312	0,1411670893	46,08025608	-0,921539421	17,21699501	-5,994628333	NAN	
0	0,4688486744	47,04335304	0,8478781242	0,1724490941	46,04552095	-0,9251776961	18,70098111	-7,346381244	NAN	
0	0,4764582905	47,07284668	0,8509503737	0,1787543104	46,02271178	-0,9274406413	19,08532606	-7,629829816	NAN	
0	0,493497851	47,0438306	0,8590329952	0,2005919722	45,94904787	-0,9350486178	19,94333519	-8,618352587	NAN	
0	0,5597880975	47,02483051	0,881378045	0,2868889064	45,74680317	-0,9530641987	23,20134314	-12,50825313	NAN	
0	0,6651978136	47,00895585	0,9037209923	0,3812043082	45,46564637	-0,9695507566	28,25958556	-16,80396311	NAN	
0	0,7250827769	46,9643826	0,9099154211	0,4562101912	45,19325171	-0,9762674477	30,98540894	-20,12831321	NAN	
0	1,131313911	46,83371342	0,9216596174	0,8661797254	43,79891551	-0,9910062695	48,83287353	-37,59653087	NAN	
0	1,256157067	46,80289597	0,9185092133	0,9724873818	43,35960101	-0,9927955477	54,00079941	-41,86287714	NAN	
0	1,25563214	46,76677431	0,9182726456	0,9724873818	43,34691454	-0,9927261897	53,92268226	-41,84770485	NAN	
0	1,230892541	46,79969576	0,9175098845	0,9022901889	43,73116738	-0,9879540482	52,85352063	-38,98289166	NAN	
0	0,4817616633	47,05948134	0,8475326261	0,1601485107	46,0925699	-0,9173069479	19,21479695	-6,771244724	NAN	
0	0,3559404099	47,08843478	0,7577214433	0,04821018851	46,36776898	-0,8055937856	12,6999242	-1,800823449	NAN	
0	0,3312478374	47,13283792	0,7240423284	0,02660040731	46,4277934	-0,7596502437	11,30421991	-0,9381666948	NAN	
0	0,3287478223	47,12902449	0,7201111696	0,02551504168	46,40425627	-0,7569900447	11,15708861	-0,8962811583	NAN	
0	0,3306244584	47,11037663	0,723170742	0,02660040731	46,42773955	-0,763692649	11,26399377	-0,9431579644	NAN	
0	0,3368105778	47,13622737	0,7351003058	0,03715760708	46,39757537	-0,7843875705	11,67043774	-1,352302114	NAN	
0	0,3628740256	47,10735626	0,7671956598	0,06155052124	46,3034016	-0,8347053507	13,11447023	-2,378909001	NAN	
0	0,3645883931	47,09060822	0,7690505847	0,06247546254	46,33449039	-0,8323079373	13,20359045	-2,409338981	NAN	
0	0,3645883931	47,11466841	0,7693029496	0,06155052124	46,3203519	-0,8329327664	13,21467161	-2,374726137	NAN	
0	0,3645883931	47,10200389	0,769670656	0,06155052124	46,30923234	-0,8335329903	13,21743404	-2,375866918	NAN	
0	0,7534538914	46,88288343	0,9109857512	0,4639287054	45,1212256	-0,9773605137	32,17974354	-20,45911869	NAN	
0	0,7543149877	46,88613121	0,9111037801	0,4660177807	45,10310411	-0,9775261745	32,22292675	-20,54647455	NAN	
0	0,771623353	46,89145494	0,9125279868	0,4848624097	45,07238622	-0,9786470446	33,01758192	-21,38726032	NAN	
0	0,7766597796	46,89656516	0,9127498562	0,4882317185	45,04986127	-0,9790826527	33,24479225	-21,53469892	NAN	
0	0,7805553652	46,87814447	0,912897721	0,4935876232	45,00322211	-0,9795791858	33,4038288	-21,75942521	NAN	
0	0,7899390221	46,87473639	0,9137776907	0,503517043	45,00277769	-0,979938327	33,83552794	-22,20507475	NAN	
0	0,8129412791	46,86190059	0,9153990411	0,5293174673	44,88669068	-0,9810838102	34,87301752	-23,30987382	NAN	
0	0,8353323061	46,85779878	0,9165388034	0,5514547949	44,85337223	-0,9819989659	35,87500888	-24,28935867	NAN	
0	0,8520714257	46,87537542	0,9172466178	0,5648441173	44,78872626	-0,9831396583	36,63590123	-24,87210469	NAN	
0	0,862720561	46,84021555	0,9179803284	0,5785898189	44,73091772	-0,9834607125	37,09560071	-25,45280271	NAN	
0	0,873244153	46,84522478	0,9180550364	0,5880071947	44,72169496	-0,9839169778	37,5551699	-25,87374833	NAN	
0	0,8811805529	46,85359006	0,9183513746	0,595574753	44,67392976	-0,9845370063	37,91548868	-26,19524599	NAN	
0	0,8905161596	46,82667731	0,9185934797	0,6065042707	44,63552397	-0,9844252897	38,30526804	-26,65000303	NAN	
0	0,9028987083	46,84527807	0,9191332436	0,6178475465	44,62723384	-0,9849747375	38,87615698	-27,15853797	NAN	
0	0,910106377	46,84330642	0,9195049604	0,6268075265	44,55850087	-0,9855122716	39,20069581	-27,5249672	NAN	
0	0,9255364985	46,82033324	0,9197295992	0,6419796744	44,52347695	-0,9861578173	39,85549558	-28,18751382	NAN	
0	0,9492599246	46,82443832	0,920201712	0,6640944786	44,42836932	-0,9866979775	40,90164358	-29,11216344	NAN	
0	0,9590904913	46,79862898	0,9202938707	0,6765130177	44,39228537	-0,9870300172	41,30658059	-29,64244495	NAN	
0	0,9658915604	46,8212929	0,9205859613	0,6817433022	44,38862467	-0,9872838181	41,63284801	-29,87683495	NAN	
0	0,9751119341	46,81137545	0,9204333506	0,6933970946	44,32104466	-0,9881430143	42,01440525	-30,36769372	NAN	
0	1,009013956	46,79244116	0,9209518862	0,7282046939	44,21724777	-0,9883274476	43,48203063	-31,82336044	NAN	
0	1,029811304	46,80118922	0,9209795639	0,7473015628	44,13881512	-0,9890087649	44,38789365	-32,62245957	NAN	
0	1,053328205	46,77045711	0,9204668584	0,7726410961	44,01800768	-0,9894209349	45,34646992	-33,65032641	NAN	
0	1,076548688	46,76661418	0,920326891	0,7929462833	43,9667488	-0,9898544731	46,33527202	-34,5095638	NAN	
0	1,095499889	46,75871383	0,9205788446	0,8139678553	43,86160052	-0,989996739	47,15588338	-35,34479715	NAN	
0	1,107629114	46,74034571	0,9202191225	0,8267721674	43,80833254	-0,9903626468	47,64063445	-35,87044983	NAN	
0	1,120412969	46,74953067	0,9198959604	0,8398566559	43,78018958	-0,9907490657	48,18302857	-36,42893524	NAN	
0	1,14	46,75091894	0,919857577	0,857768266	43,69130348	-0,9908830028	49,0247732	-37,1353358	NAN	
0	1,161910232	46,72902223	0,9193439703	0,881110183	43,59965596	-0,9914213147	49,91571563	-38,0865412	NAN	
0	1,182497423	46,73719464	0,9187471049	0,9016670493	43,53728287	-0,9916521181	50,77603996	-38,92842782	NAN	
0	1,212376754	46,71203187	0,9181409985	0,9317906979	43,40719986	-0,9921079902	51,99669501	-40,12722147	NAN	
0	1,228928116	46,7359662	0,9177235577	0,9486436855	43,34956747	-0,9922986108	52,70958365	-40,80658697	NAN	
0	1,254056074	46,71229906	0,9169495415	0,9722923462	43,22042341	-0,9925806454	53,71475958	-41,71110418	NAN	
0	1,271460718	46,70497745	0,9160398163	0,9931690583	43,16109359	-0,9928184681	54,39769088	-42,55841724	NAN	
0	1,287099085	46,71518463	0,9155060101	1,008018789	43,08688896	-0,9928240772	55,04669524	-43,12072612	NAN	
0	1,302553939	46,68744369	0,9149582244	1,023059089	42,99819764	-0,993020193	55,64127552	-43,68265731	NAN	
0	1,338539367	46,6923089	0,9136361023	1,059862686	42,85026254	-0,9934409966	57,10179374	-45,11751463	NAN	
0	1,367336753	46,65524571	0,9122648217	1,086054591	42,72136468	-0,9937422897	58,19650401	-46,10739064	NAN	
0	1,383187886	46,67209626	0,9116304964	1,105610946	42,67095031	-0,9938920595	58,85147188	-46,88931254	NAN	
0	1,438928181	46,65706479	0,9088975914	1,162238586	42,40459881	-0,9944196556	61,01989899	-49,00923783	NAN	
0	1,463536073	46,66797779	0,9078743254	1,182847416	42,31264586	-0,9944924226	62,00806058	-49,77375285	NAN	
0	1,477481343	46,64438324	0,9069378859	1,197122911	42,21279427	-0,9945898202	62,50271818	-50,26050567	NAN	
0	1,625445559	46,61054894	0,8977471751	1,343746114	41,50180719	-0,9954092413	68,01593825	-55,51187519	NAN	
0	1,657349993	46,62404277	0,8957881573	1,380484121	41,34525366	-0,9958012287	69,21966227	-56,83681511	NAN	
0	1,683023643	46,59726549	0,8939205462	1,401378713	41,21146685	-0,9957564633	70,10509265	-57,50779595	NAN	
0	1,701704363	46,59989035	0,8924867923	1,421299162	41,13404916	-0,9959016667	70,7735214	-58,22418548	NAN	
0	1,721984589	46,60974562	0,8913234754	1,441668356	41,02578458	-0,9958874048	71,53874845	-58,9023336	NAN	
0	1,742159699	46,58290654	0,8895026753	1,462195821	40,90018337	-0,9959971596	72,18746727	-59,56469104	NAN	
0	1,78407001	46,5905152	0,8864607006	1,50490377	40,67886429	-0,996148964	73,68327021	-60,98202437	NAN	
0	1,830362868	46,58312089	0,8826512584	1,561984072	40,3923879	-0,9962263801	75,25838991	-62,85418027	NAN	
0	1,872931948	46,67621435	0,8795169413	1,597503871	40,27710268	-0,9964423722	76,88857867	-64,11391962	NAN	
0	1,897135179	46,65540622	0,877286562	1,620753201	40,10417684	-0,9966073057	77,65004818	-64,77845132	NAN	
0	1,936087485	46,63539171	0,8740934387	1,667835163	39,84890212	-0,9967517721	78,92206988	-66,24551839	NAN	
0	2,002707554	46,64154681	0,8680669038	1,728767399	39,50386057	-0,9969399349	81,08558967	-68,08400532	NAN	
0	2,097040197	46,60856738	0,8586324457	1,818316763	38,95253522	-0,997123732	83,92276901	-70,62432728	NAN	
0	2,098309188	46,62645198	0,8588030478	1,818091701	38,9572843	-0,9970951504	84,02246696	-70,62217082	NAN	
0	2,097780534	46,60696064	0,8586199863	1,817416363	38,93937596	-0,9971198418	83,94828474	-70,56523294	NAN	
0	2,097463278	46,61815309	0,8586176712	1,81910428	38,95369045	-0,9970673699	83,95551929	-70,65301643	NAN	
0	2,098309188	46,60910295	0,8584579065	1,81876681	38,94682272	-0,9970840901	83,95744849	-70,6286395	NAN	
0	2,097992011	46,62495293	0,858807672	1,818204235	38,95709178	-0,9971017302	84,00751768	-70,62665915	NAN	
0	2,140702651	46,59003299	0,8540172146	1,869095745	38,60317344	-0,9972244232	85,17575461	-71,95276097	NAN	
0	2,157738558	46,60144376	0,8526247005	1,878511578	38,55483109	-0,997234812	85,7345957	-72,2254259	NAN	
0	2,158047074	46,58081663	0,8524405685	1,877091018	38,53602211	-0,9972187525	85,69039052	-72,13443769	NAN	
0	2,176886948	46,59024731	0,8504550572	1,905965368	38,37564332	-0,9971588942	86,25459874	-72,93484115	NAN	
0	2,190810663	46,60572877	0,8492561777	1,911133339	38,35700718	-0,9972912474	86,71273094	-73,10678914	NAN	
0	2,223297584	46,5731528	0,8452177245	1,943254252	38,11292432	-0,9973582428	87,51889597	-73,86744549	NAN	
0	2,255519635	46,58676461	0,8417093223	1,978025021	37,91246497	-0,9974252782	88,44459539	-74,79872127	NAN	
0	2,29165889	46,59421191	0,8380974052	2,012757501	37,68302005	-0,9974821649	89,4903982	-75,65581157	NAN	
0	2,291271203	46,56865038	0,8377962026	2,012552387	37,6567391	-0,997454563	89,3940341	-75,59325127	NAN	
0	2,312210494	46,58740759	0,8357236515	2,042096389	37,48526377	-0,9974855071	90,02406209	-76,35604109	NAN	
0	2,365213978	46,56768552	0,8291771568	2,086782088	37,15245618	-0,9976288159	91,32767875	-77,34524436	NAN	
0	2,365026096	46,56688146	0,8295519386	2,085988308	37,16073196	-0,9976134133	91,36012272	-77,3318517	NAN	
0	2,401573565	46,53556572	0,8246078903	2,12251211	36,86197227	-0,9976677617	92,15701055	-78,05750827	NAN	
0	2,400740628	46,55063636	0,824742933	2,12368381	36,87397456	-0,9976831707	92,1699745	-78,127235	NAN	
0	2,403423514	46,55304936	0,8247296994	2,124367027	36,88014371	-0,997661705	92,27627909	-78,16376294	NAN	
0	2,399814808	46,53406376	0,8245558048	2,122316769	36,86597347	-0,9976794	92,08073192	-78,059707	NAN	
0	2,43292509	46,54838412	0,8209026582	2,162597309	36,60519089	-0,9977467654	92,96618484	-78,98391609	NAN	
0	2,465505961	46,53068415	0,816671128	2,194254258	36,33159782	-0,9977555517	93,68988311	-79,54183407	NAN	
0	2,480876341	46,52633858	0,8146834662	2,203141024	36,28353621	-0,9977635792	94,03572923	-79,75897269	NAN	
0	2,497577892	46,5465608	0,8096216	2,24560412	35,99944444	-0,9978453114	94,12147519	-80,66631466	NAN	
0	2,522381241	46,51437277	0,8094470525	2,243563581	35,97464385	-0,9978431003	94,96997921	-80,53731439	NAN	
0	2,521323186	46,53438561	0,809462022	2,24365637	35,98812304	-0,9978437182	94,97274257	-80,57087258	NAN	
0	2,521940438	46,53561936	0,8088759664	2,261130203	35,87234311	-0,9977886346	94,92973219	-80,93267009	NAN	
0	2,577757657	46,49891462	0,7975228021	2,330168255	35,29688372	-0,99795718	95,59342236	-82,07966072	NAN	
0	2,607441942	46,52633858	0,7976442425	2,330078662	35,30439066	-0,9979563881	96,76599325	-82,09389575	NAN	
0	2,611618822	46,5207585	0,7975744201	2,334822672	35,23854424	-0,997847651	96,90089622	-82,09866588	NAN	
0	2,651436182	46,50916695	0,7914029859	2,374571205	34,95561471	-0,9979667523	97,5927203	-82,83582726	NAN	
0	2,699093256	46,50492673	0,7850632309	2,422540016	34,58352209	-0,9980668055	98,5420271	-83,61800317	NAN	
0	2,70032965	46,50181341	0,7846324141	2,421243503	34,57665397	-0,9980472838	98,52646921	-83,55502034	NAN	
0	2,699587881	46,52376324	0,7849935833	2,423231225	34,59942196	-0,9980253111	98,59125922	-83,67683701	NAN	
0	2,729429289	46,49526402	0,7778106378	2,461990963	34,1858889	-0,9980942097	98,70847545	-84,00494802	NAN	
0	2,746337516	46,48629739	0,777564865	2,469386311	34,17930661	-0,9981054828	99,26942219	-84,24201096	NAN	
0	2,746175427	46,5071274	0,7725357212	2,469810704	33,78535186	-0,9981337713	98,66573645	-83,28769912	NAN	
0	2,797012557	46,49198899	0,7702476334	2,520170606	33,76966094	-0,9981280589	100,1619832	-84,94599474	NAN	
0	2,846482227	46,50449732	0,7626027972	2,570508296	33,34598926	-0,9981804822	100,9489543	-85,56018001	NAN	
0	2,673164812	46,54977838	0,7827389068	2,397533091	34,53614049	-0,9975234266	97,40029556	-82,59647558	NAN	
0	2,678320513	46,52483632	0,7817145827	2,399451891	34,48586667	-0,9975101274	97,40822175	-82,54114805	NAN	
0	2,682139377	46,53207894	0,7811808903	2,404416701	34,43907664	-0,9975201499	97,49568818	-82,60054487	NAN	
0	2,773836657	46,49574721	0,7672055929	2,503544805	33,59724691	-0,997582424	98,94773899	-83,9088653	NAN	
0	2,910382628	46,49021715	0,7459519402	2,644811635	32,39367222	-0,9977729905	100,9305203	-85,48436179	NAN	
0	2,962039438	46,47373045	0,7370058438	2,693045527	31,92405049	-0,9978474274	101,45403	-85,78785845	NAN	
0	3,013410915	46,48226989	0,7284557442	2,741330229	31,4591799	-0,9978862551	102,0349268	-86,05771148	NAN	
0	3,051249746	46,48060509	0,7219828635	2,778585387	31,14217398	-0,9978782414	102,3944503	-86,34759122	NAN	
0	3,117070066	46,47507323	0,7101719061	2,850164873	30,40715376	-0,9979814056	102,8798057	-86,49045926	NAN	
0	3,171929106	46,47061504	0,6997925285	2,900077078	29,94519995	-0,9980023329	103,1504659	-86,6699038	NAN	
0	3,18812057	46,44869388	0,679780663	3,017308671	28,68614648	-0,9980469675	100,6646644	-86,38591388	NAN	
0	3,319738796	46,46685479	0,6681626795	3,049644281	28,26773779	-0,9981223028	103,0693187	-86,0446751	NAN	
0	3,332945138	46,4491238	0,6668687345	3,062432778	28,20691405	-0,9981157173	103,2395368	-86,21901044	NAN	
0	3,416607027	46,45229438	0,6520721653	3,101527528	27,76400547	-0,9973839596	103,4898748	-85,88555787	NAN	
0	3,399329381	46,4520257	0,6535090408	3,131343932	27,46079023	-0,9981495493	103,1928259	-85,83006011	NAN	
0	3,41732505	46,4471891	0,6489585536	3,145103661	27,26563771	-0,9981582642	103,0060391	-85,59532214	NAN	
0	3,452132967	46,47641598	0,6419662612	3,189384815	26,78105674	-0,9981660736	102,9988438	-85,25845069	NAN	
0	3,496435878	46,47808093	0,6323159293	3,225967248	26,39090753	-0,9982435217	102,7561629	-84,98666342	NAN	
0	3,51666745	46,4765234	0,6266856207	3,245720899	26,1201072	-0,9982378523	102,4270502	-84,62918544	NAN	
0	3,601797076	46,4795847	0,6065968054	3,338740106	24,99479946	-0,9982912393	101,5503908	-83,30854136	NAN	
0	3,64815171	46,48479383	0,5946540839	3,383961177	24,38042247	-0,998282933	100,8435685	-82,36074097	NAN	
0	3,708883523	46,47770498	0,5793784126	3,445405658	23,60116523	-0,9983153138	99,87347915	-81,17859696	NAN	
0	3,733834481	46,48576041	0,5692528489	3,469644613	23,06230691	-0,9983533695	98,80529388	-79,88624883	NAN	
0	3,762953994	46,49606933	0,5628144801	3,497823486	22,88613117	-0,9983545235	98,47146775	-79,91992402	NAN	
0	3,782479508	46,47775868	0,5531292747	3,519956818	22,55338112	-0,9983890986	97,24077355	-79,25904312	NAN	
0	3,868903692	46,50363849	0,53521718	3,606128071	21,33975164	-0,9984395832	96,29525738	-76,83379728	NAN	
0	3,885660864	46,4889285	0,5240502333	3,625682206	21,00737966	-0,9983928549	94,66454423	-76,04367266	NAN	
0	3,920386057	46,51904141	0,5133518917	3,663848588	20,46240455	-0,9984469407	93,6213199	-74,85471736	NAN	
0	3,942763522	46,50138397	0,5110876576	3,680023532	20,2085378	-0,9984293319	93,70483527	-74,25108737	NAN	
0	3,973735756	46,51260178	0,5023557427	3,715926362	19,63657302	-0,9984305748	92,84980346	-72,85354144	NAN	
0	4,028158449	46,5179682	0,4837324054	3,767830152	18,75886457	-0,9985059582	90,64262304	-70,57461634	NAN	
0	4,049117552	46,53148884	0,4772487143	3,79049826	18,41303886	-0,9984807455	89,91913094	-69,688556	NAN	
0	4,075289271	46,52279745	0,4683191137	3,815346609	17,9741481	-0,9985126837	88,79042722	-68,47560842	NAN	
0	4,103473116	46,53830133	0,4576213432	3,848537183	17,35396208	-0,9984385105	87,39133852	-66,68308058	NAN	
0	4,143074406	46,5448983	0,4444626541	3,88931324	16,67093279	-0,9984082773	85,70972348	-64,73527474	NAN	
0	4,191960445	46,56339701	0,4243162224	3,940835096	15,66684397	-0,9984361025	82,82309748	-61,64389282	NAN	
0	4,212481585	46,5556767	0,4176701682	3,960656048	15,33981747	-0,9984336975	81,91135613	-60,66057896	NAN	
0	4,226935517	46,55492605	0,409850088	3,971127126	15,06751473	-0,9985704914	80,65221448	-59,74948178	NAN	
0	4,249287324	46,58687177	0,4024116831	3,999747015	14,54888312	-0,998458391	79,66182068	-58,10214275	NAN	
0	4,310316809	46,6070142	0,3748887308	4,062137395	13,2281896	-0,9985164334	75,31177079	-53,65500458	NAN	
0	4,336984085	46,63507055	0,363535805	4,089146564	12,65128452	-0,9985202034	73,52713737	-51,65640237	NAN	
0	4,367021719	46,63426764	0,3513659658	4,119021744	12,03079382	-0,998596115	71,55668373	-49,48553169	NAN	
0	4,394923728	46,62709441	0,3358543326	4,146247811	11,31415043	-0,9986077462	68,8241174	-46,84595907	NAN	
0	4,44608646	46,6650893	0,3109872235	4,19875431	10,06553526	-0,9985586599	64,52270294	-42,20179461	NAN	
0	4,475646458	46,69834961	0,2931168287	4,232018409	9,178507504	-0,9982304953	61,2629716	-38,77487876	NAN	
0	4,503525118	46,7203141	0,2777918073	4,261692527	8,367197858	-0,9981723406	58,44909304	-35,59325313	NAN	
0	4,53724753	46,72389371	0,2574716717	4,294941304	7,429670248	-0,9984185593	54,58344634	-31,85953385	NAN	
0	4,553083023	46,75139948	0,2443943954	4,313100759	6,786383426	-0,998004671	52,022525	-29,21195152	NAN	
0	4,607450808	46,78924024	0,205323264	4,36724307	4,976946855	-0,9983724064	44,26340914	-21,70016004	NAN	
0	4,60711117	46,78182394	0,2043423359	4,369616866	4,828560862	-0,9976510171	44,04171231	-21,04939988	NAN	
0	4,617337948	46,77814203	0,1934090849	4,378902334	4,343961326	-0,9982529926	41,77452307	-18,9885512	NAN	
0	4,622515449	46,79057398	0,1924889976	4,383932292	4,316248371	-0,998302818	41,63347436	-18,8900263	NAN	
0	4,623095744	46,81020228	0,1917242875	4,383784431	4,301162634	-0,9983989266	41,49067861	-18,82518096	NAN	
0	4,623482567	46,79516177	0,1923407412	4,384622245	4,322036557	-0,9983354423	41,61419162	-18,91895344	NAN	
0	4,623724315	46,82667731	0,1922633577	4,384671524	4,339930875	-0,998220352	41,62764065	-18,9953061	NAN	
0	4,622999033	46,82864966	0,194168637	4,382847868	4,413615298	-0,9982549206	42,03533562	-19,31044723	NAN	
0	4,621306268	46,81681432	0,1953475355	4,381319378	4,490545624	-0,9983206796	42,2643843	-19,64147475	NAN	
0	4,61297857	46,81046891	0,2021952555	4,372829409	4,785394446	-0,9983001146	43,66117201	-20,89014225	NAN	
